Topology = ring
Number of nodes = 80
Optimal number of ADMs = 137
135 Lightpaths:
[0, 33]
[33, 74]
[74, 75]
[75, 76]
[76, 78]
[78, 79]
[79, 0]
[1, 46]
[46, 71]
[71, 79]
[79, 1]
[2, 67]
[67, 77]
[77, 0]
[0, 1]
[1, 2]
[3, 17]
[17, 37]
[37, 67]
[67, 72]
[72, 1]
[1, 3]
[4, 65]
[65, 76]
[76, 77]
[77, 1]
[5, 38]
[38, 59]
[59, 5]
[6, 43]
[43, 71]
[71, 76]
[76, 3]
[3, 5]
[5, 6]
[7, 0]
[0, 3]
[3, 4]
[4, 6]
[6, 7]
[8, 48]
[48, 69]
[69, 6]
[6, 8]
[9, 17]
[17, 48]
[48, 73]
[73, 0]
[0, 4]
[4, 8]
[8, 9]
[10, 7]
[7, 9]
[9, 10]
[11, 68]
[68, 3]
[3, 8]
[8, 11]
[12, 44]
[44, 56]
[56, 63]
[63, 67]
[67, 2]
[2, 7]
[7, 8]
[8, 12]
[13, 73]
[73, 4]
[4, 5]
[5, 13]
[14, 23]
[23, 45]
[45, 60]
[60, 7]
[7, 12]
[12, 14]
[15, 71]
[71, 7]
[7, 14]
[14, 15]
[16, 52]
[52, 78]
[78, 6]
[6, 13]
[13, 16]
[17, 9]
[9, 11]
[11, 14]
[14, 17]
[18, 58]
[58, 61]
[61, 78]
[78, 7]
[7, 10]
[10, 18]
[19, 10]
[10, 16]
[16, 18]
[18, 19]
[20, 30]
[30, 52]
[52, 75]
[75, 4]
[4, 12]
[12, 18]
[18, 20]
[21, 44]
[44, 76]
[76, 0]
[0, 17]
[17, 18]
[18, 21]
[22, 40]
[40, 13]
[13, 20]
[20, 22]
[23, 18]
[18, 23]
[24, 39]
[39, 2]
[2, 5]
[5, 19]
[19, 22]
[22, 24]
[25, 62]
[62, 20]
[20, 21]
[21, 22]
[22, 23]
[23, 25]
[26, 38]
[38, 52]
[52, 6]
[6, 20]
[20, 25]