Topology = ring
Number of nodes = 90
Optimal number of ADMs = 136
135 Lightpaths:
[0, 40]
[40, 68]
[68, 89]
[89, 0]
[1, 32]
[32, 66]
[66, 75]
[75, 83]
[83, 0]
[0, 1]
[2, 34]
[34, 41]
[41, 0]
[0, 2]
[3, 37]
[37, 52]
[52, 55]
[55, 88]
[88, 2]
[2, 3]
[4, 68]
[68, 0]
[0, 4]
[5, 76]
[76, 78]
[78, 80]
[80, 83]
[83, 89]
[89, 1]
[1, 3]
[3, 4]
[4, 5]
[6, 88]
[88, 4]
[4, 6]
[7, 61]
[61, 74]
[74, 7]
[8, 54]
[54, 73]
[73, 74]
[74, 88]
[88, 89]
[89, 4]
[4, 7]
[7, 8]
[9, 48]
[48, 67]
[67, 8]
[8, 9]
[10, 66]
[66, 82]
[82, 10]
[11, 78]
[78, 6]
[6, 7]
[7, 9]
[9, 10]
[10, 11]
[12, 51]
[51, 84]
[84, 2]
[2, 4]
[4, 9]
[9, 12]
[13, 12]
[12, 13]
[14, 59]
[59, 78]
[78, 2]
[2, 6]
[6, 9]
[9, 13]
[13, 14]
[15, 3]
[3, 8]
[8, 10]
[10, 13]
[13, 15]
[16, 62]
[62, 81]
[81, 9]
[9, 11]
[11, 16]
[17, 67]
[67, 76]
[76, 77]
[77, 79]
[79, 13]
[13, 16]
[16, 17]
[18, 66]
[66, 80]
[80, 13]
[13, 18]
[19, 74]
[74, 81]
[81, 16]
[16, 18]
[18, 19]
[20, 54]
[54, 87]
[87, 19]
[19, 20]
[21, 40]
[40, 70]
[70, 4]
[4, 15]
[15, 17]
[17, 18]
[18, 20]
[20, 21]
[22, 16]
[16, 21]
[21, 22]
[23, 8]
[8, 18]
[18, 22]
[22, 23]
[24, 5]
[5, 6]
[6, 20]
[20, 23]
[23, 24]
[25, 86]
[86, 5]
[5, 9]
[9, 17]
[17, 22]
[22, 24]
[24, 25]
[26, 63]
[63, 86]
[86, 1]
[1, 15]