Topology = ring
Number of nodes = 90
Optimal number of ADMs = 75
75 Lightpaths:
[0, 54]
[54, 85]
[85, 86]
[86, 87]
[87, 0]
[1, 5]
[5, 52]
[52, 73]
[73, 1]
[2, 37]
[37, 65]
[65, 81]
[81, 85]
[85, 1]
[1, 2]
[3, 21]
[21, 76]
[76, 84]
[84, 89]
[89, 0]
[0, 2]
[2, 3]
[4, 39]
[39, 58]
[58, 70]
[70, 71]
[71, 77]
[77, 78]
[78, 84]
[84, 85]
[85, 87]
[87, 3]
[3, 4]
[5, 47]
[47, 77]
[77, 85]
[85, 0]
[0, 5]
[6, 23]
[23, 46]
[46, 73]
[73, 78]
[78, 5]
[5, 6]
[7, 22]
[22, 64]
[64, 72]
[72, 5]
[5, 7]
[8, 9]
[9, 39]
[39, 74]
[74, 80]
[80, 85]
[85, 4]
[4, 5]
[5, 8]
[9, 43]
[43, 49]
[49, 73]
[73, 9]
[10, 23]
[23, 85]
[85, 10]
[11, 26]
[26, 56]
[56, 82]
[82, 8]
[8, 10]
[10, 11]
[12, 41]
[41, 87]
[87, 89]
[89, 5]
[5, 12]