Topology = ring
Number of nodes = 60
Optimal number of ADMs = 80
80 Lightpaths:
[0, 7]
[7, 21]
[21, 35]
[35, 59]
[59, 0]
[1, 13]
[13, 27]
[27, 35]
[35, 42]
[42, 49]
[49, 0]
[0, 1]
[2, 33]
[33, 47]
[47, 56]
[56, 2]
[3, 30]
[30, 45]
[45, 54]
[54, 56]
[56, 59]
[59, 3]
[4, 51]
[51, 58]
[58, 3]
[3, 4]
[5, 54]
[54, 5]
[6, 43]
[43, 55]
[55, 59]
[59, 4]
[4, 5]
[5, 6]
[7, 23]
[23, 39]
[39, 53]
[53, 56]
[56, 57]
[57, 4]
[4, 7]
[8, 53]
[53, 58]
[58, 1]
[1, 7]
[7, 8]
[9, 32]
[32, 45]
[45, 50]
[50, 54]
[54, 1]
[1, 2]
[2, 5]
[5, 7]
[7, 9]
[10, 17]
[17, 10]
[11, 18]
[18, 57]
[57, 0]
[0, 11]
[12, 39]
[39, 10]
[10, 11]
[11, 12]
[13, 8]
[8, 13]
[14, 21]
[21, 27]
[27, 59]
[59, 13]
[13, 14]
[15, 37]
[37, 51]
[51, 52]
[52, 5]
[5, 10]
[10, 12]
[12, 14]
[14, 15]