Topology = ring
Number of nodes = 100
Optimal number of ADMs = 65
65 Lightpaths:
[0, 37]
[37, 49]
[49, 55]
[55, 63]
[63, 82]
[82, 88]
[88, 98]
[98, 0]
[1, 49]
[49, 85]
[85, 99]
[99, 1]
[2, 50]
[50, 58]
[58, 73]
[73, 74]
[74, 1]
[1, 2]
[3, 31]
[31, 78]
[78, 3]
[4, 58]
[58, 68]
[68, 0]
[0, 2]
[2, 4]
[5, 65]
[65, 81]
[81, 94]
[94, 97]
[97, 98]
[98, 3]
[3, 4]
[4, 5]
[6, 72]
[72, 87]
[87, 88]
[88, 97]
[97, 4]
[4, 6]
[7, 4]
[4, 7]
[8, 17]
[17, 38]
[38, 2]
[2, 3]
[3, 7]
[7, 8]
[9, 25]
[25, 58]
[58, 66]
[66, 80]
[80, 94]
[94, 99]
[99, 5]
[5, 8]
[8, 9]
[10, 29]
[29, 63]
[63, 72]
[72, 82]
[82, 3]
[3, 6]
[6, 9]
[9, 10]