Topology = ring
Number of nodes = 100
Optimal number of ADMs = 124
120 Lightpaths:
[0, 12]
[12, 13]
[13, 71]
[71, 80]
[80, 87]
[87, 95]
[95, 99]
[99, 0]
[1, 40]
[40, 64]
[64, 86]
[86, 88]
[88, 94]
[94, 97]
[97, 1]
[2, 85]
[85, 92]
[92, 1]
[1, 2]
[3, 4]
[4, 59]
[59, 74]
[74, 1]
[1, 3]
[4, 12]
[12, 36]
[36, 3]
[5, 85]
[85, 93]
[93, 99]
[99, 4]
[4, 5]
[6, 50]
[50, 79]
[79, 1]
[7, 45]
[45, 73]
[73, 85]
[85, 90]
[90, 95]
[95, 96]
[96, 3]
[3, 6]
[6, 7]
[8, 80]
[80, 84]
[84, 8]
[9, 86]
[86, 95]
[95, 98]
[98, 2]
[2, 4]
[4, 9]
[10, 93]
[93, 4]
[4, 10]
[11, 98]
[98, 5]
[5, 7]
[7, 9]
[9, 10]
[10, 11]
[12, 75]
[75, 2]
[2, 10]
[10, 12]
[13, 12]
[14, 41]
[41, 0]
[0, 3]
[3, 11]
[11, 12]
[12, 14]
[15, 20]
[20, 69]
[69, 95]
[95, 6]
[6, 15]
[16, 76]
[76, 92]
[92, 7]
[7, 11]
[11, 16]
[17, 52]
[52, 76]
[76, 77]
[77, 0]
[0, 14]
[14, 15]
[15, 17]
[18, 24]
[24, 54]
[54, 90]
[90, 12]
[12, 15]
[15, 16]
[16, 18]
[19, 9]
[9, 14]
[14, 19]
[20, 61]
[61, 86]
[86, 12]
[12, 18]
[18, 20]
[21, 6]
[6, 16]
[16, 17]
[17, 18]
[18, 21]
[22, 36]
[36, 82]
[82, 91]
[91, 20]
[20, 21]
[21, 22]
[23, 60]
[60, 94]
[94, 0]
[0, 15]