Topology = ring
Number of nodes = 100
Optimal number of ADMs = 146
145 Lightpaths:
[0, 17]
[17, 21]
[21, 31]
[31, 84]
[84, 88]
[88, 89]
[89, 92]
[92, 95]
[95, 97]
[97, 0]
[1, 39]
[39, 41]
[41, 42]
[42, 99]
[99, 0]
[0, 1]
[2, 43]
[43, 83]
[83, 1]
[1, 2]
[3, 81]
[81, 99]
[99, 2]
[2, 3]
[4, 87]
[87, 98]
[98, 99]
[99, 4]
[5, 60]
[60, 95]
[95, 4]
[4, 5]
[6, 84]
[84, 1]
[1, 6]
[7, 30]
[30, 59]
[59, 88]
[88, 1]
[1, 7]
[8, 34]
[34, 3]
[3, 4]
[4, 6]
[6, 7]
[7, 8]
[9, 62]
[62, 74]
[74, 7]
[7, 9]
[10, 94]
[94, 2]
[2, 4]
[4, 7]
[7, 10]
[11, 10]
[10, 11]
[12, 25]
[25, 72]
[72, 86]
[86, 9]
[9, 10]
[10, 12]
[13, 1]
[1, 11]
[11, 12]
[12, 13]
[14, 51]
[51, 53]
[53, 94]
[94, 11]
[11, 14]
[15, 89]
[89, 12]
[12, 14]
[14, 15]
[16, 65]
[65, 75]
[75, 15]
[15, 16]
[17, 48]
[48, 86]
[86, 11]
[11, 16]
[16, 17]
[18, 72]
[72, 78]
[78, 90]
[90, 98]
[98, 16]
[16, 18]
[19, 56]
[56, 69]
[69, 94]
[94, 19]
[20, 32]
[32, 11]
[11, 19]
[19, 20]
[21, 92]
[92, 94]
[94, 20]
[20, 21]
[22, 60]
[60, 63]
[63, 19]
[19, 22]
[23, 56]
[56, 9]
[9, 20]
[20, 23]
[24, 87]
[87, 16]
[16, 21]
[21, 23]
[23, 24]
[25, 49]
[49, 67]
[67, 97]
[97, 8]
[8, 23]
[23, 25]
[26, 38]
[38, 71]
[71, 97]
[97, 5]
[5, 23]
[23, 26]
[27, 90]
[90, 21]
[21, 24]
[24, 26]
[26, 27]
[28, 96]
[96, 12]
[12, 15]
[15, 18]
[18, 23]
[23, 28]
[29, 36]
[36, 75]
[75, 29]
[30, 60]
[60, 24]
[24, 29]