Topology = ring
Number of nodes = 70
Optimal number of ADMs = 141
140 Lightpaths:
[0, 6]
[6, 21]
[21, 48]
[48, 64]
[64, 0]
[1, 12]
[12, 31]
[31, 36]
[36, 60]
[60, 1]
[2, 40]
[40, 41]
[41, 49]
[49, 59]
[59, 68]
[68, 1]
[1, 2]
[3, 46]
[46, 60]
[60, 64]
[64, 69]
[69, 0]
[0, 3]
[4, 51]
[51, 56]
[56, 57]
[57, 66]
[66, 0]
[0, 4]
[5, 12]
[12, 5]
[6, 24]
[24, 58]
[58, 2]
[2, 4]
[4, 6]
[7, 69]
[69, 6]
[6, 7]
[8, 49]
[49, 4]
[4, 7]
[7, 8]
[9, 8]
[8, 9]
[10, 33]
[33, 46]
[46, 54]
[54, 63]
[63, 7]
[7, 9]
[9, 10]
[11, 44]
[44, 64]
[64, 68]
[68, 3]
[3, 4]
[4, 9]
[9, 11]
[12, 18]
[18, 48]
[48, 62]
[62, 7]
[7, 11]
[11, 12]
[13, 19]
[19, 12]
[12, 13]
[14, 24]
[24, 9]
[9, 14]
[15, 30]
[30, 1]
[1, 4]
[4, 14]
[14, 15]
[16, 25]
[25, 31]
[31, 69]
[69, 9]
[9, 16]
[17, 19]
[19, 17]
[18, 41]
[41, 44]
[44, 57]
[57, 2]
[2, 8]
[8, 10]
[10, 12]
[12, 16]
[16, 18]
[19, 28]
[28, 9]
[9, 17]
[17, 18]
[18, 19]
[20, 2]
[2, 17]
[17, 20]
[21, 0]
[0, 9]
[9, 13]
[13, 17]
[17, 21]
[22, 42]
[42, 6]
[6, 18]
[18, 21]
[21, 22]
[23, 14]
[14, 20]
[20, 21]
[21, 23]
[24, 2]
[2, 11]
[11, 24]
[25, 28]
[28, 25]
[26, 21]
[21, 24]
[24, 25]
[25, 26]
[27, 52]
[52, 21]
[21, 27]
[28, 39]
[39, 16]
[16, 20]
[20, 24]
[24, 27]
[27, 28]
[29, 45]
[45, 51]
[51, 52]
[52, 9]
[9, 23]
[23, 25]
[25, 29]
[30, 26]