Topology = ring
Number of nodes = 60
Optimal number of ADMs = 61
60 Lightpaths:
[0, 25]
[25, 33]
[33, 54]
[54, 58]
[58, 0]
[1, 55]
[55, 0]
[0, 1]
[2, 27]
[27, 31]
[31, 47]
[47, 2]
[3, 42]
[42, 50]
[50, 2]
[2, 3]
[4, 49]
[49, 55]
[55, 4]
[5, 43]
[43, 0]
[0, 4]
[4, 5]
[6, 45]
[45, 6]
[7, 12]
[12, 28]
[28, 44]
[44, 5]
[5, 6]
[6, 7]
[8, 33]
[33, 56]
[56, 59]
[59, 8]
[9, 15]
[15, 25]
[25, 0]
[0, 8]
[8, 9]
[10, 55]
[55, 7]
[7, 9]
[9, 10]
[11, 44]
[44, 54]
[54, 57]
[57, 2]
[2, 11]
[12, 58]
[58, 12]
[13, 59]
[59, 0]
[0, 5]
[5, 10]
[10, 12]
[12, 13]
[14, 44]
[44, 49]
[49, 1]