Topology = ring
Number of nodes = 70
Optimal number of ADMs = 70
70 Lightpaths:
[0, 19]
[19, 65]
[65, 68]
[68, 69]
[69, 0]
[1, 55]
[55, 59]
[59, 68]
[68, 0]
[0, 1]
[2, 69]
[69, 2]
[3, 2]
[2, 3]
[4, 16]
[16, 22]
[22, 38]
[38, 40]
[40, 2]
[2, 4]
[5, 41]
[41, 65]
[65, 1]
[1, 5]
[6, 30]
[30, 44]
[44, 49]
[49, 63]
[63, 64]
[64, 65]
[65, 0]
[0, 6]
[7, 51]
[51, 58]
[58, 7]
[8, 48]
[48, 61]
[61, 62]
[62, 8]
[9, 52]
[52, 3]
[3, 6]
[6, 7]
[7, 8]
[8, 9]
[10, 66]
[66, 3]
[3, 9]
[9, 10]
[11, 62]
[62, 9]
[9, 11]
[12, 8]
[8, 10]
[10, 12]
[13, 59]
[59, 66]
[66, 10]
[10, 13]
[14, 10]
[10, 14]
[15, 4]
[4, 13]
[13, 14]
[14, 15]
[16, 60]
[60, 9]
[9, 13]
[13, 15]
[15, 16]