Topology = ring
Number of nodes = 70
Optimal number of ADMs = 110
110 Lightpaths:
[0, 42]
[42, 0]
[1, 7]
[7, 68]
[68, 69]
[69, 0]
[0, 1]
[2, 51]
[51, 56]
[56, 57]
[57, 58]
[58, 60]
[60, 67]
[67, 1]
[1, 2]
[3, 42]
[42, 62]
[62, 65]
[65, 0]
[0, 3]
[4, 0]
[0, 2]
[2, 3]
[3, 4]
[5, 0]
[0, 4]
[4, 5]
[6, 63]
[63, 1]
[1, 3]
[3, 5]
[5, 6]
[7, 55]
[55, 63]
[63, 0]
[0, 6]
[6, 7]
[8, 60]
[60, 63]
[63, 65]
[65, 6]
[6, 8]
[9, 1]
[1, 4]
[4, 9]
[10, 6]
[6, 9]
[9, 10]
[11, 1]
[1, 10]
[10, 11]
[12, 55]
[55, 2]
[2, 7]
[7, 9]
[9, 12]
[13, 47]
[47, 52]
[52, 11]
[11, 12]
[12, 13]
[14, 69]
[69, 13]
[13, 14]
[15, 2]
[2, 12]
[12, 14]
[14, 15]
[16, 7]
[7, 16]
[17, 34]
[34, 48]
[48, 65]
[65, 8]
[8, 10]
[10, 12]
[12, 15]
[15, 17]
[18, 22]
[22, 17]
[17, 18]
[19, 20]
[20, 54]
[54, 9]
[9, 19]
[20, 59]
[59, 10]
[10, 18]
[18, 20]
[21, 1]
[1, 12]
[12, 19]
[19, 21]
[22, 55]
[55, 66]
[66, 8]
[8, 16]
[16, 22]
[23, 8]
[8, 15]
[15, 20]
[20, 22]
[22, 23]
[24, 34]
[34, 23]
[23, 24]
[25, 41]
[41, 67]
[67, 18]
[18, 25]