Topology = ring
Number of nodes = 100
Optimal number of ADMs = 150
150 Lightpaths:
[0, 96]
[96, 0]
[1, 4]
[4, 7]
[7, 54]
[54, 96]
[96, 98]
[98, 99]
[99, 0]
[0, 1]
[2, 57]
[57, 74]
[74, 97]
[97, 99]
[99, 1]
[1, 2]
[3, 33]
[33, 90]
[90, 94]
[94, 0]
[0, 3]
[4, 40]
[40, 54]
[54, 55]
[55, 58]
[58, 80]
[80, 94]
[94, 4]
[5, 85]
[85, 2]
[2, 5]
[6, 59]
[59, 74]
[74, 78]
[78, 6]
[7, 21]
[21, 72]
[72, 80]
[80, 98]
[98, 1]
[1, 5]
[5, 7]
[8, 71]
[71, 2]
[2, 7]
[7, 8]
[9, 46]
[46, 74]
[74, 4]
[4, 6]
[6, 8]
[8, 9]
[10, 6]
[6, 7]
[7, 9]
[9, 10]
[11, 56]
[56, 6]
[6, 11]
[12, 22]
[22, 61]
[61, 7]
[7, 10]
[10, 11]
[11, 12]
[13, 49]
[49, 70]
[70, 5]
[5, 12]
[12, 13]
[14, 30]
[30, 57]
[57, 4]
[4, 13]
[13, 14]
[15, 33]
[33, 15]
[16, 72]
[72, 74]
[74, 3]
[3, 12]
[12, 14]
[14, 16]
[17, 58]
[58, 92]
[92, 0]
[0, 17]
[18, 58]
[58, 1]
[1, 18]
[19, 22]
[22, 67]
[67, 78]
[78, 12]
[12, 16]
[16, 18]
[18, 19]
[20, 18]
[18, 20]
[21, 3]
[3, 16]
[16, 19]
[19, 20]
[20, 21]
[22, 83]
[83, 8]
[8, 12]
[12, 19]
[19, 21]
[21, 22]
[23, 72]
[72, 97]
[97, 17]
[17, 20]
[20, 22]
[22, 23]
[24, 17]
[17, 21]
[21, 23]
[23, 24]
[25, 75]
[75, 95]
[95, 23]
[23, 25]
[26, 9]
[9, 13]
[13, 24]
[24, 25]
[25, 26]
[27, 55]
[55, 24]
[24, 27]
[28, 75]
[75, 96]
[96, 20]
[20, 24]
[24, 28]
[29, 5]
[5, 28]
[28, 29]
[30, 46]
[46, 1]
[1, 8]
[8, 27]
[27, 28]
[28, 30]
[31, 80]
[80, 25]
[25, 28]
[28, 31]