Topology = ring
Number of nodes = 40
Optimal number of ADMs = 61
60 Lightpaths:
[0, 3]
[3, 24]
[24, 25]
[25, 0]
[1, 32]
[32, 36]
[36, 37]
[37, 1]
[2, 0]
[0, 1]
[1, 2]
[3, 25]
[25, 35]
[35, 1]
[1, 3]
[4, 13]
[13, 15]
[15, 18]
[18, 19]
[19, 39]
[39, 1]
[1, 4]
[5, 26]
[26, 30]
[30, 5]
[6, 14]
[14, 27]
[27, 0]
[0, 6]
[7, 28]
[28, 2]
[2, 7]
[8, 6]
[6, 7]
[7, 8]
[9, 22]
[22, 28]
[28, 29]
[29, 9]
[10, 39]
[39, 10]
[11, 3]
[3, 4]
[4, 7]
[7, 9]
[9, 11]
[12, 26]
[26, 37]
[37, 4]
[4, 9]
[9, 12]
[13, 30]
[30, 36]
[36, 3]
[3, 10]
[10, 12]
[12, 13]
[14, 6]
[6, 11]
[11, 13]