Topology = ring
Number of nodes = 90
Optimal number of ADMs = 162
160 Lightpaths:
[0, 3]
[3, 4]
[4, 52]
[52, 87]
[87, 0]
[1, 73]
[73, 80]
[80, 82]
[82, 83]
[83, 85]
[85, 87]
[87, 88]
[88, 89]
[89, 0]
[0, 1]
[2, 71]
[71, 72]
[72, 85]
[85, 88]
[88, 2]
[3, 88]
[88, 3]
[4, 15]
[15, 16]
[16, 89]
[89, 1]
[1, 3]
[5, 31]
[31, 62]
[62, 80]
[80, 84]
[84, 86]
[86, 89]
[89, 3]
[3, 5]
[6, 10]
[10, 84]
[84, 4]
[4, 6]
[7, 21]
[21, 34]
[34, 35]
[35, 36]
[36, 46]
[46, 72]
[72, 1]
[1, 5]
[5, 7]
[8, 56]
[56, 4]
[4, 8]
[9, 1]
[1, 7]
[7, 9]
[10, 37]
[37, 85]
[85, 5]
[5, 10]
[11, 42]
[42, 1]
[1, 2]
[2, 9]
[9, 11]
[12, 48]
[48, 80]
[80, 12]
[13, 67]
[67, 85]
[85, 86]
[86, 6]
[6, 7]
[7, 8]
[8, 13]
[14, 58]
[58, 59]
[59, 8]
[8, 9]
[9, 10]
[10, 11]
[11, 12]
[12, 13]
[13, 14]
[15, 75]
[75, 7]
[7, 10]
[10, 15]
[16, 71]
[71, 15]
[17, 36]
[36, 57]
[57, 73]
[73, 1]
[1, 16]
[16, 17]
[18, 65]
[65, 2]
[2, 8]
[8, 14]
[14, 15]
[15, 17]
[17, 18]
[19, 85]
[85, 17]
[17, 19]
[20, 43]
[43, 78]
[78, 87]
[87, 9]
[9, 13]
[13, 16]
[16, 20]
[21, 74]
[74, 82]
[82, 8]
[8, 16]
[16, 21]
[22, 23]
[23, 49]
[49, 2]
[2, 21]
[21, 22]
[23, 31]
[31, 39]
[39, 7]
[7, 23]
[24, 77]
[77, 81]
[81, 7]
[7, 11]
[11, 19]
[19, 21]
[21, 24]
[25, 48]
[48, 66]
[66, 68]
[68, 89]
[89, 13]
[13, 18]
[18, 23]
[23, 24]
[24, 25]
[26, 79]
[79, 6]
[6, 16]
[16, 26]
[27, 19]
[19, 24]
[24, 27]
[28, 20]
[20, 21]
[21, 28]
[29, 12]
[12, 15]
[15, 28]
[28, 29]
[30, 70]
[70, 26]
[26, 30]
[31, 30]
[30, 31]