Topology = ring
Number of nodes = 80
Optimal number of ADMs = 86
85 Lightpaths:
[0, 24]
[24, 42]
[42, 70]
[70, 0]
[1, 5]
[5, 37]
[37, 78]
[78, 79]
[79, 0]
[0, 1]
[2, 39]
[39, 64]
[64, 75]
[75, 76]
[76, 2]
[3, 35]
[35, 63]
[63, 2]
[2, 3]
[4, 64]
[64, 68]
[68, 0]
[0, 4]
[5, 38]
[38, 65]
[65, 0]
[0, 2]
[2, 4]
[4, 5]
[6, 50]
[50, 1]
[1, 4]
[4, 6]
[7, 56]
[56, 61]
[61, 77]
[77, 6]
[6, 7]
[8, 17]
[17, 52]
[52, 3]
[3, 7]
[7, 8]
[9, 43]
[43, 5]
[5, 8]
[8, 9]
[10, 42]
[42, 3]
[3, 6]
[6, 10]
[11, 62]
[62, 69]
[69, 6]
[6, 8]
[8, 10]
[10, 11]
[12, 60]
[60, 72]
[72, 1]
[1, 2]
[2, 10]
[10, 12]
[13, 12]
[12, 13]
[14, 50]
[50, 67]
[67, 77]
[77, 79]
[79, 7]
[7, 10]
[10, 14]
[15, 57]
[57, 62]
[62, 15]
[16, 39]
[39, 48]
[48, 76]
[76, 16]
[17, 51]
[51, 75]
[75, 11]
[11, 12]
[12, 14]
[14, 16]