Topology = ring
Number of nodes = 100
Optimal number of ADMs = 75
75 Lightpaths:
[0, 89]
[89, 97]
[97, 99]
[99, 0]
[1, 83]
[83, 0]
[0, 1]
[2, 18]
[18, 83]
[83, 86]
[86, 90]
[90, 0]
[0, 2]
[3, 38]
[38, 93]
[93, 0]
[0, 3]
[4, 48]
[48, 73]
[73, 94]
[94, 97]
[97, 0]
[0, 4]
[5, 8]
[8, 30]
[30, 75]
[75, 99]
[99, 1]
[1, 3]
[3, 4]
[4, 5]
[6, 92]
[92, 3]
[3, 6]
[7, 22]
[22, 69]
[69, 74]
[74, 98]
[98, 3]
[3, 5]
[5, 7]
[8, 61]
[61, 80]
[80, 92]
[92, 1]
[1, 4]
[4, 6]
[6, 7]
[7, 8]
[9, 4]
[4, 8]
[8, 9]
[10, 9]
[9, 10]
[11, 45]
[45, 61]
[61, 74]
[74, 96]
[96, 8]
[8, 10]
[10, 11]
[12, 51]
[51, 12]
[13, 98]
[98, 8]
[8, 13]
[14, 86]
[86, 0]
[0, 7]
[7, 13]
[13, 14]
[15, 99]
[99, 4]
[4, 9]
[9, 15]