Topology = ring
Number of nodes = 90
Optimal number of ADMs = 175
175 Lightpaths:
[0, 89]
[89, 0]
[1, 46]
[46, 78]
[78, 88]
[88, 1]
[2, 73]
[73, 79]
[79, 0]
[0, 2]
[3, 15]
[15, 33]
[33, 52]
[52, 89]
[89, 1]
[1, 3]
[4, 28]
[28, 0]
[0, 1]
[1, 4]
[5, 9]
[9, 41]
[41, 70]
[70, 81]
[81, 87]
[87, 2]
[2, 3]
[3, 5]
[6, 34]
[34, 65]
[65, 70]
[70, 5]
[5, 6]
[7, 85]
[85, 3]
[3, 6]
[6, 7]
[8, 4]
[4, 8]
[9, 26]
[26, 40]
[40, 47]
[47, 0]
[0, 4]
[4, 6]
[6, 8]
[8, 9]
[10, 24]
[24, 1]
[1, 10]
[11, 45]
[45, 60]
[60, 65]
[65, 72]
[72, 4]
[4, 9]
[9, 10]
[10, 11]
[12, 47]
[47, 77]
[77, 86]
[86, 12]
[13, 84]
[84, 9]
[9, 13]
[14, 66]
[66, 11]
[11, 12]
[12, 13]
[13, 14]
[15, 76]
[76, 6]
[6, 14]
[14, 15]
[16, 34]
[34, 69]
[69, 82]
[82, 7]
[7, 16]
[17, 82]
[82, 0]
[0, 17]
[18, 56]
[56, 10]
[10, 13]
[13, 16]
[16, 18]
[19, 3]
[3, 10]
[10, 12]
[12, 19]
[20, 2]
[2, 8]
[8, 14]
[14, 20]
[21, 82]
[82, 18]
[18, 21]
[22, 79]
[79, 3]
[3, 18]
[18, 22]
[23, 38]
[38, 10]
[10, 20]
[20, 22]
[22, 23]
[24, 41]
[41, 61]
[61, 75]
[75, 79]
[79, 18]
[18, 23]
[23, 24]
[25, 48]
[48, 11]
[11, 25]
[26, 5]
[5, 14]
[14, 16]
[16, 21]
[21, 25]
[25, 26]
[27, 35]
[35, 25]
[25, 27]
[28, 75]
[75, 8]
[8, 23]
[23, 27]
[27, 28]
[29, 6]
[6, 9]
[9, 18]
[18, 27]
[27, 29]
[30, 34]
[34, 57]
[57, 64]
[64, 0]
[0, 11]
[11, 30]
[31, 72]
[72, 24]
[24, 31]
[32, 62]
[62, 10]
[10, 25]
[25, 32]
[33, 62]
[62, 83]
[83, 15]
[15, 23]
[23, 29]
[29, 30]
[30, 33]
[34, 71]
[71, 9]
[9, 25]
[25, 30]
[30, 32]
[32, 34]
[35, 61]
[61, 14]
[14, 33]
[33, 35]
[36, 4]
[4, 19]
[19, 25]
[25, 35]
[35, 36]
[37, 11]
[11, 32]
[32, 36]
[36, 37]