Topology = ring
Number of nodes = 100
Optimal number of ADMs = 182
180 Lightpaths:
[0, 80]
[80, 93]
[93, 99]
[99, 0]
[1, 3]
[3, 52]
[52, 84]
[84, 93]
[93, 1]
[2, 44]
[44, 45]
[45, 53]
[53, 72]
[72, 94]
[94, 96]
[96, 97]
[97, 1]
[1, 2]
[3, 76]
[76, 90]
[90, 3]
[4, 13]
[13, 17]
[17, 81]
[81, 84]
[84, 2]
[2, 4]
[5, 30]
[30, 43]
[43, 60]
[60, 1]
[6, 64]
[64, 6]
[7, 74]
[74, 77]
[77, 95]
[95, 2]
[2, 5]
[5, 6]
[6, 7]
[8, 84]
[84, 6]
[6, 8]
[9, 21]
[21, 35]
[35, 50]
[50, 77]
[77, 92]
[92, 9]
[10, 97]
[97, 8]
[8, 10]
[11, 80]
[80, 88]
[88, 10]
[10, 11]
[12, 13]
[13, 21]
[21, 58]
[58, 90]
[90, 93]
[93, 97]
[97, 99]
[99, 7]
[7, 12]
[13, 1]
[1, 9]
[9, 13]
[14, 81]
[81, 1]
[1, 13]
[13, 14]
[15, 35]
[35, 12]
[12, 14]
[14, 15]
[16, 74]
[74, 2]
[2, 10]
[10, 15]
[15, 16]
[17, 73]
[73, 74]
[74, 94]
[94, 2]
[2, 15]
[15, 17]
[18, 79]
[79, 81]
[81, 92]
[92, 7]
[7, 18]
[19, 50]
[50, 67]
[67, 18]
[18, 19]
[20, 4]
[4, 8]
[8, 20]
[21, 16]
[16, 19]
[19, 20]
[20, 21]
[22, 86]
[86, 87]
[87, 20]
[23, 98]
[98, 5]
[5, 22]
[22, 23]
[24, 11]
[11, 15]
[15, 23]
[23, 24]
[25, 80]
[80, 15]
[15, 22]
[22, 24]
[24, 25]
[26, 89]
[89, 0]
[0, 26]
[27, 37]
[37, 47]
[47, 13]
[13, 20]
[20, 23]
[23, 25]
[25, 27]
[28, 87]
[87, 19]
[19, 28]
[29, 4]
[4, 7]
[7, 22]
[22, 29]
[30, 55]
[55, 99]
[99, 5]
[5, 18]
[18, 24]
[24, 28]
[28, 29]
[29, 30]
[31, 94]
[94, 5]
[5, 10]
[10, 28]
[28, 31]
[32, 25]
[25, 32]
[33, 29]
[29, 33]
[34, 13]
[13, 24]
[24, 27]
[27, 31]
[31, 34]
[35, 79]
[79, 9]
[9, 17]
[17, 22]
[22, 27]
[27, 35]
[36, 27]
[27, 32]
[32, 33]
[33, 36]
[37, 66]
[66, 10]
[10, 19]
[19, 30]
[30, 32]
[32, 35]
[35, 37]
[38, 17]
[17, 37]
[37, 38]
[39, 38]
[38, 39]