Topology = ring
Number of nodes = 30
Optimal number of ADMs = 61
60 Lightpaths:
[0, 14]
[14, 15]
[15, 0]
[1, 13]
[13, 25]
[25, 29]
[29, 0]
[0, 1]
[2, 13]
[13, 17]
[17, 20]
[20, 1]
[1, 2]
[3, 23]
[23, 25]
[25, 27]
[27, 1]
[1, 3]
[4, 11]
[11, 17]
[17, 28]
[28, 2]
[2, 4]
[5, 14]
[14, 20]
[20, 28]
[28, 4]
[4, 5]
[6, 21]
[21, 25]
[25, 0]
[0, 4]
[4, 6]
[7, 27]
[27, 6]
[6, 7]
[8, 24]
[24, 7]
[7, 8]
[9, 23]
[23, 9]
[10, 12]
[12, 23]
[23, 24]
[24, 28]
[28, 29]
[29, 1]
[1, 9]
[9, 10]
[11, 6]
[6, 11]
[12, 17]
[17, 10]
[10, 11]
[11, 12]
[13, 9]
[9, 12]
[12, 13]
[14, 18]
[18, 3]