Topology = ring
Number of nodes = 100
Optimal number of ADMs = 142
140 Lightpaths:
[0, 90]
[90, 98]
[98, 99]
[99, 0]
[1, 0]
[0, 1]
[2, 17]
[17, 61]
[61, 76]
[76, 81]
[81, 0]
[0, 2]
[3, 69]
[69, 84]
[84, 2]
[2, 3]
[4, 28]
[28, 71]
[71, 92]
[92, 4]
[5, 81]
[81, 98]
[98, 4]
[4, 5]
[6, 9]
[9, 82]
[82, 97]
[97, 4]
[4, 6]
[7, 74]
[74, 93]
[93, 6]
[6, 7]
[8, 27]
[27, 4]
[4, 8]
[9, 57]
[57, 61]
[61, 96]
[96, 99]
[99, 5]
[5, 6]
[10, 59]
[59, 74]
[74, 94]
[94, 3]
[3, 4]
[4, 9]
[9, 10]
[11, 17]
[17, 32]
[32, 75]
[75, 84]
[84, 98]
[98, 6]
[6, 8]
[8, 11]
[12, 20]
[20, 0]
[0, 6]
[6, 10]
[10, 11]
[11, 12]
[13, 86]
[86, 12]
[12, 13]
[14, 68]
[68, 9]
[9, 14]
[15, 45]
[45, 71]
[71, 89]
[89, 7]
[7, 10]
[10, 13]
[13, 15]
[16, 63]
[63, 93]
[93, 98]
[98, 2]
[2, 15]
[15, 16]
[17, 67]
[67, 98]
[98, 15]
[15, 17]
[18, 36]
[36, 5]
[5, 18]
[19, 56]
[56, 74]
[74, 8]
[8, 14]
[14, 17]
[17, 18]
[18, 19]
[20, 72]
[72, 99]
[99, 20]
[21, 22]
[22, 95]
[95, 16]
[16, 20]
[20, 21]
[22, 86]
[86, 20]
[20, 22]
[23, 58]
[58, 83]
[83, 99]
[99, 14]
[14, 15]
[15, 18]
[18, 22]
[22, 23]
[24, 84]
[84, 19]
[19, 22]
[22, 24]
[25, 75]
[75, 79]
[79, 84]
[84, 10]
[10, 21]
[21, 25]
[26, 63]
[63, 16]
[16, 24]
[24, 26]
[27, 16]
[16, 23]
[23, 26]
[26, 27]
[28, 90]
[90, 8]
[8, 16]
[16, 18]
[18, 23]
[23, 28]
[29, 13]