Topology = ring
Number of nodes = 60
Optimal number of ADMs = 66
65 Lightpaths:
[0, 12]
[12, 28]
[28, 38]
[38, 47]
[47, 52]
[52, 54]
[54, 56]
[56, 59]
[59, 0]
[1, 46]
[46, 48]
[48, 53]
[53, 59]
[59, 1]
[2, 53]
[53, 1]
[1, 2]
[3, 20]
[20, 0]
[0, 1]
[1, 3]
[4, 35]
[35, 45]
[45, 51]
[51, 55]
[55, 0]
[0, 4]
[5, 14]
[14, 46]
[46, 3]
[3, 4]
[4, 5]
[6, 54]
[54, 55]
[55, 6]
[7, 40]
[40, 3]
[3, 7]
[8, 38]
[38, 42]
[42, 59]
[59, 4]
[4, 6]
[6, 8]
[9, 12]
[12, 50]
[50, 7]
[7, 9]
[10, 5]
[5, 7]
[7, 10]
[11, 43]
[43, 8]
[8, 9]
[9, 11]
[12, 58]
[58, 10]
[10, 11]
[11, 12]
[13, 26]
[26, 30]
[30, 5]
[5, 9]
[9, 13]
[14, 18]