Topology = ring
Number of nodes = 90
Optimal number of ADMs = 143
140 Lightpaths:
[0, 55]
[55, 76]
[76, 85]
[85, 86]
[86, 89]
[89, 0]
[1, 39]
[39, 88]
[88, 0]
[0, 1]
[2, 3]
[3, 60]
[60, 78]
[78, 81]
[81, 89]
[89, 1]
[1, 2]
[3, 52]
[52, 68]
[68, 73]
[73, 82]
[82, 89]
[89, 3]
[4, 17]
[17, 89]
[89, 4]
[5, 43]
[43, 84]
[84, 3]
[3, 4]
[4, 5]
[6, 87]
[87, 88]
[88, 6]
[7, 55]
[55, 82]
[82, 84]
[84, 88]
[88, 1]
[1, 7]
[8, 7]
[7, 8]
[9, 48]
[48, 8]
[8, 9]
[10, 82]
[82, 88]
[88, 89]
[89, 9]
[9, 10]
[11, 24]
[24, 69]
[69, 84]
[84, 0]
[0, 6]
[6, 8]
[8, 10]
[10, 11]
[12, 34]
[34, 42]
[42, 47]
[47, 49]
[49, 86]
[86, 0]
[0, 10]
[10, 12]
[13, 54]
[54, 57]
[57, 59]
[59, 1]
[1, 13]
[14, 34]
[34, 53]
[53, 85]
[85, 10]
[10, 13]
[13, 14]
[15, 86]
[86, 9]
[9, 15]
[16, 17]
[17, 25]
[25, 5]
[5, 6]
[6, 13]
[13, 15]
[15, 16]
[17, 19]
[19, 54]
[54, 85]
[85, 0]
[0, 12]
[12, 16]
[18, 23]
[23, 69]
[69, 11]
[11, 12]
[12, 15]
[15, 17]
[17, 18]
[19, 22]
[22, 68]
[68, 0]
[0, 17]
[20, 42]
[42, 53]
[53, 0]
[0, 19]
[19, 20]
[21, 44]
[44, 0]
[0, 18]
[18, 20]
[20, 21]
[22, 86]
[86, 87]
[87, 17]
[17, 22]
[23, 56]
[56, 75]
[75, 77]
[77, 83]
[83, 86]
[86, 6]
[6, 19]
[19, 23]
[24, 62]
[62, 4]
[4, 11]
[11, 20]
[20, 22]
[22, 23]
[23, 24]
[25, 24]
[24, 25]
[26, 76]
[76, 79]
[79, 1]
[1, 6]
[6, 23]