Topology = ring
Number of nodes = 30
Optimal number of ADMs = 57
55 Lightpaths:
[0, 28]
[28, 29]
[29, 0]
[1, 15]
[15, 29]
[29, 1]
[2, 13]
[13, 27]
[27, 0]
[0, 1]
[1, 2]
[3, 1]
[1, 3]
[4, 11]
[11, 2]
[2, 4]
[5, 2]
[2, 3]
[3, 5]
[6, 22]
[22, 5]
[5, 6]
[7, 18]
[18, 23]
[23, 26]
[26, 27]
[27, 2]
[2, 6]
[6, 7]
[8, 27]
[27, 4]
[4, 5]
[5, 7]
[7, 8]
[9, 14]
[14, 28]
[28, 0]
[0, 3]
[3, 6]
[6, 8]
[8, 9]
[10, 11]
[11, 29]
[29, 10]
[11, 1]
[1, 6]
[6, 10]
[12, 23]
[23, 12]
[13, 9]
[9, 11]
[11, 13]
[14, 18]
[18, 7]
[7, 10]