Topology = ring
Number of nodes = 100
Optimal number of ADMs = 166
165 Lightpaths:
[0, 49]
[49, 61]
[61, 91]
[91, 97]
[97, 0]
[1, 51]
[51, 96]
[96, 99]
[99, 1]
[2, 5]
[5, 9]
[9, 20]
[20, 48]
[48, 67]
[67, 96]
[96, 97]
[97, 2]
[3, 90]
[90, 91]
[91, 95]
[95, 98]
[98, 99]
[99, 2]
[2, 3]
[4, 7]
[7, 43]
[43, 58]
[58, 97]
[97, 98]
[98, 2]
[2, 4]
[5, 81]
[81, 84]
[84, 89]
[89, 1]
[1, 4]
[4, 5]
[6, 74]
[74, 90]
[90, 93]
[93, 2]
[2, 6]
[7, 28]
[28, 80]
[80, 84]
[84, 6]
[6, 7]
[8, 79]
[79, 99]
[99, 6]
[6, 8]
[9, 33]
[33, 82]
[82, 90]
[90, 99]
[99, 9]
[10, 3]
[3, 7]
[7, 9]
[9, 10]
[11, 57]
[57, 88]
[88, 90]
[90, 8]
[8, 11]
[12, 47]
[47, 54]
[54, 63]
[63, 4]
[4, 9]
[9, 11]
[11, 12]
[13, 40]
[40, 10]
[10, 13]
[14, 77]
[77, 10]
[10, 14]
[15, 22]
[22, 54]
[54, 64]
[64, 85]
[85, 96]
[96, 13]
[13, 14]
[14, 15]
[16, 78]
[78, 5]
[5, 10]
[10, 11]
[11, 13]
[13, 16]
[17, 19]
[19, 94]
[94, 8]
[8, 15]
[15, 17]
[18, 31]
[31, 6]
[6, 16]
[16, 18]
[19, 0]
[0, 15]
[15, 19]
[20, 16]
[16, 17]
[17, 20]
[21, 60]
[60, 84]
[84, 9]
[9, 19]
[19, 20]
[20, 21]
[22, 33]
[33, 80]
[80, 97]
[97, 99]
[99, 5]
[5, 19]
[19, 22]
[23, 64]
[64, 17]
[17, 23]
[24, 35]
[35, 24]
[25, 30]
[30, 69]
[69, 19]
[19, 24]
[24, 25]
[26, 95]
[95, 19]
[19, 21]
[21, 25]
[25, 26]
[27, 95]
[95, 22]
[22, 25]
[25, 27]
[28, 61]
[61, 19]
[19, 28]
[29, 1]
[1, 21]
[21, 23]
[23, 25]
[25, 29]
[30, 89]
[89, 91]
[91, 99]
[99, 7]
[7, 12]
[12, 29]
[29, 30]
[31, 13]
[13, 17]
[17, 24]
[24, 27]
[27, 28]
[28, 29]
[29, 31]
[32, 84]
[84, 19]
[19, 23]
[23, 30]