Topology = ring
Number of nodes = 80
Optimal number of ADMs = 101
100 Lightpaths:
[0, 6]
[6, 37]
[37, 61]
[61, 78]
[78, 0]
[1, 42]
[42, 69]
[69, 1]
[2, 26]
[26, 66]
[66, 76]
[76, 78]
[78, 2]
[3, 63]
[63, 77]
[77, 3]
[4, 36]
[36, 4]
[5, 28]
[28, 59]
[59, 66]
[66, 4]
[4, 5]
[6, 47]
[47, 3]
[3, 5]
[5, 6]
[7, 10]
[10, 25]
[25, 76]
[76, 4]
[4, 6]
[6, 7]
[8, 5]
[5, 7]
[7, 8]
[9, 65]
[65, 79]
[79, 8]
[8, 9]
[10, 33]
[33, 42]
[42, 52]
[52, 65]
[65, 1]
[1, 8]
[8, 10]
[11, 64]
[64, 67]
[67, 76]
[76, 79]
[79, 6]
[6, 11]
[12, 55]
[55, 76]
[76, 3]
[3, 7]
[7, 9]
[9, 10]
[10, 11]
[11, 12]
[13, 60]
[60, 77]
[77, 10]
[10, 12]
[12, 13]
[14, 19]
[19, 66]
[66, 78]
[78, 12]
[12, 14]
[15, 23]
[23, 25]
[25, 79]
[79, 5]
[5, 11]
[11, 13]
[13, 15]
[16, 50]
[50, 71]
[71, 0]
[0, 1]
[1, 7]
[7, 15]
[15, 16]
[17, 60]
[60, 2]
[2, 14]
[14, 17]
[18, 47]
[47, 48]
[48, 79]
[79, 3]
[3, 11]
[11, 15]
[15, 17]
[17, 18]
[19, 24]
[24, 44]
[44, 7]