Topology = ring
Number of nodes = 80
Optimal number of ADMs = 71
70 Lightpaths:
[0, 53]
[53, 62]
[62, 76]
[76, 79]
[79, 0]
[1, 72]
[72, 79]
[79, 1]
[2, 48]
[48, 73]
[73, 77]
[77, 0]
[0, 2]
[3, 65]
[65, 77]
[77, 3]
[4, 6]
[6, 26]
[26, 65]
[65, 1]
[1, 3]
[3, 4]
[5, 39]
[39, 76]
[76, 1]
[1, 5]
[6, 7]
[7, 66]
[66, 5]
[5, 6]
[7, 50]
[50, 0]
[0, 4]
[4, 7]
[8, 60]
[60, 0]
[0, 8]
[9, 60]
[60, 8]
[8, 9]
[10, 0]
[0, 7]
[7, 10]
[11, 31]
[31, 64]
[64, 74]
[74, 76]
[76, 2]
[2, 6]
[6, 9]
[9, 10]
[10, 11]
[12, 72]
[72, 7]
[7, 8]
[8, 11]
[11, 12]
[13, 61]
[61, 11]
[11, 13]
[14, 28]
[28, 40]
[40, 14]
[15, 18]
[18, 66]
[66, 9]
[9, 11]
[11, 14]
[14, 15]
[16, 14]