Topology = ring
Number of nodes = 100
Optimal number of ADMs = 71
70 Lightpaths:
[0, 84]
[84, 98]
[98, 99]
[99, 0]
[1, 7]
[7, 18]
[18, 84]
[84, 1]
[2, 5]
[5, 33]
[33, 88]
[88, 2]
[3, 91]
[91, 0]
[0, 3]
[4, 53]
[53, 61]
[61, 70]
[70, 92]
[92, 3]
[3, 4]
[5, 40]
[40, 89]
[89, 98]
[98, 3]
[3, 5]
[6, 22]
[22, 3]
[3, 6]
[7, 80]
[80, 4]
[4, 5]
[5, 7]
[8, 43]
[43, 92]
[92, 97]
[97, 8]
[9, 16]
[16, 43]
[43, 68]
[68, 87]
[87, 98]
[98, 4]
[4, 6]
[6, 9]
[10, 74]
[74, 8]
[8, 9]
[9, 10]
[11, 83]
[83, 9]
[9, 11]
[12, 66]
[66, 10]
[10, 11]
[11, 12]
[13, 32]
[32, 83]
[83, 94]
[94, 0]
[0, 13]
[14, 64]
[64, 76]
[76, 6]
[6, 11]
[11, 13]
[13, 14]
[15, 9]
[9, 12]
[12, 14]