Topology = ring
Number of nodes = 50
Optimal number of ADMs = 57
55 Lightpaths:
[0, 48]
[48, 0]
[1, 0]
[0, 1]
[2, 8]
[8, 21]
[21, 38]
[38, 44]
[44, 1]
[1, 2]
[3, 28]
[28, 1]
[1, 3]
[4, 32]
[32, 49]
[49, 1]
[1, 4]
[5, 39]
[39, 42]
[42, 1]
[1, 5]
[6, 33]
[33, 3]
[3, 5]
[5, 6]
[7, 42]
[42, 46]
[46, 49]
[49, 5]
[5, 7]
[8, 26]
[26, 29]
[29, 33]
[33, 40]
[40, 3]
[3, 7]
[7, 8]
[9, 11]
[11, 49]
[49, 2]
[2, 5]
[5, 8]
[8, 9]
[10, 48]
[48, 1]
[1, 9]
[9, 10]
[11, 44]
[44, 6]
[6, 7]
[7, 9]
[12, 22]
[22, 27]
[27, 43]
[43, 6]