Topology = ring
Number of nodes = 100
Optimal number of ADMs = 111
110 Lightpaths:
[0, 60]
[60, 76]
[76, 91]
[91, 98]
[98, 99]
[99, 0]
[1, 59]
[59, 71]
[71, 98]
[98, 1]
[2, 75]
[75, 97]
[97, 1]
[1, 2]
[3, 96]
[96, 98]
[98, 2]
[2, 3]
[4, 40]
[40, 46]
[46, 59]
[59, 97]
[97, 2]
[2, 4]
[5, 31]
[31, 52]
[52, 89]
[89, 4]
[4, 5]
[6, 77]
[77, 89]
[89, 5]
[5, 6]
[7, 35]
[35, 41]
[41, 89]
[89, 91]
[91, 5]
[5, 7]
[8, 62]
[62, 64]
[64, 2]
[2, 8]
[9, 52]
[52, 75]
[75, 6]
[6, 7]
[7, 8]
[8, 9]
[10, 88]
[88, 89]
[89, 9]
[9, 10]
[11, 99]
[99, 9]
[9, 11]
[12, 4]
[4, 7]
[7, 9]
[9, 12]
[13, 97]
[97, 98]
[98, 12]
[12, 13]
[14, 48]
[48, 64]
[64, 73]
[73, 80]
[80, 92]
[92, 0]
[0, 14]
[15, 54]
[54, 78]
[78, 10]
[10, 12]
[12, 14]
[14, 15]
[16, 42]
[42, 54]
[54, 87]
[87, 97]
[97, 99]
[99, 7]
[7, 16]
[17, 87]
[87, 95]
[95, 17]
[18, 74]
[74, 4]
[4, 11]
[11, 13]
[13, 17]
[17, 18]
[19, 57]
[57, 83]
[83, 94]
[94, 95]
[95, 2]
[2, 18]
[18, 19]
[20, 85]
[85, 20]
[21, 36]
[36, 45]
[45, 80]
[80, 13]
[13, 20]
[20, 21]
[22, 37]
[37, 50]