Topology = ring
Number of nodes = 100
Optimal number of ADMs = 187
185 Lightpaths:
[0, 15]
[15, 27]
[27, 85]
[85, 98]
[98, 0]
[1, 18]
[18, 23]
[23, 93]
[93, 98]
[98, 99]
[99, 0]
[0, 1]
[2, 84]
[84, 2]
[3, 65]
[65, 76]
[76, 82]
[82, 90]
[90, 3]
[4, 10]
[10, 38]
[38, 86]
[86, 90]
[90, 93]
[93, 4]
[5, 62]
[62, 82]
[82, 87]
[87, 92]
[92, 95]
[95, 4]
[4, 5]
[6, 86]
[86, 4]
[4, 6]
[7, 50]
[50, 55]
[55, 91]
[91, 93]
[93, 6]
[6, 7]
[8, 94]
[94, 97]
[97, 1]
[1, 6]
[6, 8]
[9, 10]
[10, 62]
[62, 69]
[69, 83]
[83, 91]
[91, 0]
[0, 7]
[7, 9]
[10, 84]
[84, 99]
[99, 2]
[2, 3]
[3, 6]
[6, 9]
[11, 28]
[28, 44]
[44, 71]
[71, 10]
[10, 11]
[12, 5]
[5, 12]
[13, 94]
[94, 98]
[98, 13]
[14, 87]
[87, 12]
[12, 13]
[13, 14]
[15, 61]
[61, 65]
[65, 9]
[9, 12]
[12, 15]
[16, 38]
[38, 93]
[93, 99]
[99, 14]
[14, 15]
[15, 16]
[17, 42]
[42, 14]
[14, 16]
[16, 17]
[18, 25]
[25, 78]
[78, 2]
[2, 5]
[5, 15]
[15, 17]
[17, 18]
[19, 10]
[10, 17]
[17, 19]
[20, 40]
[40, 3]
[3, 4]
[4, 11]
[11, 15]
[15, 20]
[21, 54]
[54, 62]
[62, 63]
[63, 69]
[69, 81]
[81, 90]
[90, 14]
[14, 20]
[20, 21]
[22, 51]
[51, 22]
[23, 89]
[89, 7]
[7, 13]
[13, 19]
[19, 21]
[21, 23]
[24, 79]
[79, 96]
[96, 21]
[21, 24]
[25, 14]
[14, 21]
[21, 22]
[22, 24]
[24, 25]
[26, 36]
[36, 98]
[98, 17]
[17, 20]
[20, 23]
[23, 24]
[24, 26]
[27, 45]
[45, 80]
[80, 23]
[23, 26]
[26, 27]
[28, 97]
[97, 11]
[11, 19]
[19, 23]
[23, 28]
[29, 52]
[52, 85]
[85, 16]
[16, 22]
[22, 28]
[28, 29]
[30, 78]
[78, 30]
[31, 94]
[94, 5]
[5, 31]
[32, 84]
[84, 13]
[13, 26]
[26, 28]
[28, 31]
[31, 32]
[33, 85]
[85, 27]
[27, 28]
[28, 30]
[30, 31]
[31, 33]
[34, 92]
[92, 6]
[6, 33]
[33, 34]
[35, 50]
[50, 21]
[21, 30]
[30, 33]
[33, 35]
[36, 44]
[44, 3]
[3, 28]
[28, 36]
[37, 42]