Topology = ring
Number of nodes = 70
Optimal number of ADMs = 81
80 Lightpaths:
[0, 31]
[31, 44]
[44, 56]
[56, 57]
[57, 65]
[65, 69]
[69, 0]
[1, 48]
[48, 64]
[64, 67]
[67, 0]
[0, 1]
[2, 0]
[0, 2]
[3, 29]
[29, 51]
[51, 67]
[67, 1]
[1, 2]
[2, 3]
[4, 52]
[52, 68]
[68, 3]
[3, 4]
[5, 48]
[48, 60]
[60, 68]
[68, 5]
[6, 25]
[25, 32]
[32, 46]
[46, 0]
[0, 4]
[4, 5]
[5, 6]
[7, 50]
[50, 3]
[3, 7]
[8, 25]
[25, 26]
[26, 38]
[38, 64]
[64, 7]
[7, 8]
[9, 1]
[1, 4]
[4, 7]
[7, 9]
[10, 34]
[34, 36]
[36, 40]
[40, 53]
[53, 55]
[55, 0]
[0, 6]
[6, 9]
[9, 10]
[11, 25]
[25, 11]
[12, 38]
[38, 57]
[57, 4]
[4, 10]
[10, 12]
[13, 16]
[16, 4]
[4, 12]
[12, 13]
[14, 40]
[40, 46]
[46, 69]
[69, 2]
[2, 10]
[10, 11]
[11, 13]
[13, 14]
[15, 59]
[59, 60]
[60, 61]
[61, 10]