Topology = ring
Number of nodes = 70
Optimal number of ADMs = 106
105 Lightpaths:
[0, 66]
[66, 69]
[69, 0]
[1, 22]
[22, 62]
[62, 64]
[64, 1]
[2, 13]
[13, 45]
[45, 54]
[54, 61]
[61, 1]
[1, 2]
[3, 18]
[18, 43]
[43, 55]
[55, 3]
[4, 19]
[19, 27]
[27, 60]
[60, 64]
[64, 69]
[69, 2]
[2, 3]
[3, 4]
[5, 65]
[65, 2]
[2, 5]
[6, 3]
[3, 6]
[7, 61]
[61, 6]
[6, 7]
[8, 49]
[49, 59]
[59, 5]
[5, 8]
[9, 21]
[21, 27]
[27, 44]
[44, 0]
[0, 3]
[3, 9]
[10, 39]
[39, 60]
[60, 9]
[9, 10]
[11, 28]
[28, 32]
[32, 8]
[8, 11]
[12, 26]
[26, 34]
[34, 46]
[46, 69]
[69, 7]
[7, 9]
[9, 11]
[11, 12]
[13, 3]
[3, 11]
[11, 13]
[14, 25]
[25, 40]
[40, 66]
[66, 12]
[12, 13]
[13, 14]
[15, 7]
[7, 8]
[8, 13]
[13, 15]
[16, 15]
[15, 16]
[17, 62]
[62, 11]
[11, 16]
[16, 17]
[18, 41]
[41, 65]
[65, 6]
[6, 8]
[8, 12]
[12, 17]
[17, 18]
[19, 42]
[42, 60]
[60, 14]
[14, 18]
[18, 19]
[20, 56]
[56, 67]
[67, 18]
[18, 20]
[21, 40]
[40, 64]
[64, 65]
[65, 7]
[7, 15]
[15, 19]
[19, 20]
[20, 21]
[22, 15]
[15, 22]
[23, 68]