Topology = ring
Number of nodes = 100
Optimal number of ADMs = 86
85 Lightpaths:
[0, 96]
[96, 0]
[1, 94]
[94, 95]
[95, 1]
[2, 61]
[61, 83]
[83, 96]
[96, 98]
[98, 2]
[3, 73]
[73, 74]
[74, 90]
[90, 3]
[4, 58]
[58, 97]
[97, 1]
[1, 3]
[3, 4]
[5, 6]
[6, 63]
[63, 67]
[67, 84]
[84, 5]
[6, 61]
[61, 0]
[0, 3]
[3, 5]
[7, 29]
[29, 97]
[97, 99]
[99, 1]
[1, 7]
[8, 96]
[96, 2]
[2, 7]
[7, 8]
[9, 86]
[86, 7]
[7, 9]
[10, 74]
[74, 87]
[87, 89]
[89, 99]
[99, 4]
[4, 6]
[6, 7]
[7, 10]
[11, 18]
[18, 10]
[10, 11]
[12, 45]
[45, 85]
[85, 5]
[5, 8]
[8, 11]
[11, 12]
[13, 68]
[68, 12]
[12, 13]
[14, 18]
[18, 47]
[47, 72]
[72, 13]
[13, 14]
[15, 59]
[59, 10]
[10, 12]
[12, 15]
[16, 63]
[63, 9]
[9, 14]
[14, 15]
[15, 16]
[17, 56]
[56, 58]
[58, 2]
[2, 8]
[8, 17]
[18, 49]
[49, 76]
[76, 99]
[99, 13]
[13, 16]
[16, 18]