Topology = ring
Number of nodes = 100
Optimal number of ADMs = 117
115 Lightpaths:
[0, 18]
[18, 30]
[30, 87]
[87, 97]
[97, 0]
[1, 54]
[54, 75]
[75, 97]
[97, 99]
[99, 0]
[0, 1]
[2, 14]
[14, 20]
[20, 32]
[32, 45]
[45, 67]
[67, 0]
[0, 2]
[3, 7]
[7, 65]
[65, 99]
[99, 3]
[4, 5]
[5, 63]
[63, 81]
[81, 93]
[93, 94]
[94, 95]
[95, 96]
[96, 97]
[97, 3]
[3, 4]
[5, 37]
[37, 87]
[87, 94]
[94, 2]
[2, 4]
[6, 37]
[37, 96]
[96, 4]
[4, 6]
[7, 24]
[24, 88]
[88, 93]
[93, 3]
[3, 5]
[5, 6]
[6, 7]
[8, 35]
[35, 57]
[57, 85]
[85, 88]
[88, 0]
[0, 6]
[6, 8]
[9, 20]
[20, 58]
[58, 92]
[92, 7]
[7, 9]
[10, 49]
[49, 72]
[72, 83]
[83, 89]
[89, 97]
[97, 10]
[11, 53]
[53, 76]
[76, 77]
[77, 83]
[83, 11]
[12, 81]
[81, 10]
[10, 11]
[11, 12]
[13, 78]
[78, 3]
[3, 6]
[6, 13]
[14, 16]
[16, 75]
[75, 85]
[85, 7]
[7, 13]
[13, 14]
[15, 44]
[44, 7]
[7, 12]
[12, 13]
[13, 15]
[16, 49]
[49, 85]
[85, 3]
[3, 9]
[9, 15]
[15, 16]
[17, 59]
[59, 69]
[69, 8]
[8, 13]
[13, 17]
[18, 94]
[94, 9]
[9, 11]
[11, 17]
[17, 18]
[19, 66]
[66, 70]
[70, 81]
[81, 1]
[1, 2]
[2, 6]
[6, 12]
[12, 16]
[16, 18]