Topology = ring
Number of nodes = 80
Optimal number of ADMs = 106
105 Lightpaths:
[0, 55]
[55, 73]
[73, 0]
[1, 50]
[50, 55]
[55, 61]
[61, 65]
[65, 67]
[67, 77]
[77, 78]
[78, 1]
[2, 47]
[47, 61]
[61, 2]
[3, 32]
[32, 75]
[75, 79]
[79, 2]
[2, 3]
[4, 36]
[36, 74]
[74, 2]
[2, 4]
[5, 76]
[76, 1]
[1, 2]
[2, 5]
[6, 42]
[42, 71]
[71, 78]
[78, 0]
[0, 1]
[1, 4]
[4, 5]
[5, 6]
[7, 67]
[67, 78]
[78, 7]
[8, 56]
[56, 57]
[57, 62]
[62, 66]
[66, 2]
[2, 6]
[6, 8]
[9, 34]
[34, 38]
[38, 51]
[51, 57]
[57, 2]
[2, 8]
[8, 9]
[10, 55]
[55, 79]
[79, 3]
[3, 9]
[9, 10]
[11, 40]
[40, 76]
[76, 78]
[78, 5]
[5, 8]
[8, 10]
[10, 11]
[12, 34]
[34, 44]
[44, 48]
[48, 1]
[1, 7]
[7, 9]
[9, 11]
[11, 12]
[13, 46]
[46, 53]
[53, 65]
[65, 3]
[3, 5]
[5, 13]
[14, 75]
[75, 10]
[10, 13]
[13, 14]
[15, 53]
[53, 4]
[4, 10]
[10, 14]
[14, 15]
[16, 25]
[25, 35]
[35, 53]
[53, 61]
[61, 70]
[70, 0]
[0, 11]
[11, 14]
[14, 16]
[17, 71]
[71, 17]
[18, 38]
[38, 3]
[3, 10]
[10, 18]
[19, 12]
[12, 14]
[14, 18]