Topology = ring
Number of nodes = 90
Optimal number of ADMs = 91
90 Lightpaths:
[0, 86]
[86, 88]
[88, 0]
[1, 41]
[41, 87]
[87, 88]
[88, 1]
[2, 7]
[7, 33]
[33, 64]
[64, 88]
[3, 55]
[55, 78]
[78, 80]
[80, 1]
[1, 3]
[4, 17]
[17, 73]
[73, 78]
[78, 82]
[82, 2]
[2, 3]
[3, 4]
[5, 22]
[22, 69]
[69, 86]
[86, 87]
[87, 4]
[4, 5]
[6, 78]
[78, 0]
[0, 2]
[2, 6]
[7, 14]
[14, 20]
[20, 27]
[27, 76]
[76, 86]
[86, 5]
[5, 7]
[8, 27]
[27, 0]
[0, 6]
[6, 8]
[9, 22]
[22, 0]
[0, 9]
[10, 6]
[6, 7]
[7, 9]
[9, 10]
[11, 82]
[82, 1]
[1, 4]
[4, 6]
[6, 11]
[12, 52]
[52, 2]
[2, 12]
[13, 86]
[86, 9]
[9, 12]
[12, 13]
[14, 64]
[64, 3]
[3, 9]
[9, 11]
[11, 14]
[15, 63]
[63, 72]
[72, 79]
[79, 82]
[82, 89]
[89, 13]
[13, 15]
[16, 54]
[54, 6]
[6, 16]
[17, 84]
[84, 87]
[87, 16]
[16, 17]
[18, 72]
[72, 0]
[0, 5]
[5, 8]
[8, 10]
[10, 15]
[15, 17]
[17, 18]