Topology = ring
Number of nodes = 50
Optimal number of ADMs = 71
70 Lightpaths:
[0, 36]
[36, 42]
[42, 44]
[44, 48]
[48, 49]
[49, 0]
[1, 7]
[7, 40]
[40, 49]
[49, 1]
[2, 21]
[21, 44]
[44, 47]
[47, 1]
[1, 2]
[3, 34]
[34, 45]
[45, 46]
[46, 3]
[4, 32]
[32, 1]
[1, 4]
[5, 24]
[24, 3]
[3, 5]
[6, 9]
[9, 42]
[42, 5]
[5, 6]
[7, 8]
[8, 19]
[19, 30]
[30, 36]
[36, 45]
[45, 2]
[2, 5]
[5, 7]
[8, 7]
[9, 39]
[39, 44]
[44, 8]
[8, 9]
[10, 28]
[28, 38]
[38, 4]
[4, 7]
[7, 9]
[9, 10]
[11, 45]
[45, 9]
[9, 11]
[12, 48]
[48, 8]
[8, 12]
[13, 45]
[45, 49]
[49, 11]
[11, 12]
[12, 13]
[14, 30]
[30, 31]
[31, 0]
[0, 11]
[11, 14]
[15, 2]
[2, 12]
[12, 15]
[16, 29]
[29, 9]
[9, 16]