Topology = ring
Number of nodes = 40
Optimal number of ADMs = 66
65 Lightpaths:
[0, 27]
[27, 29]
[29, 32]
[32, 38]
[38, 39]
[39, 0]
[1, 30]
[30, 1]
[2, 32]
[32, 33]
[33, 34]
[34, 2]
[3, 5]
[5, 24]
[24, 38]
[38, 2]
[2, 3]
[4, 23]
[23, 30]
[30, 38]
[38, 0]
[0, 4]
[5, 6]
[6, 7]
[7, 21]
[21, 22]
[22, 32]
[32, 0]
[0, 2]
[2, 5]
[6, 10]
[10, 25]
[25, 26]
[26, 36]
[36, 2]
[2, 6]
[7, 24]
[24, 5]
[5, 7]
[8, 39]
[39, 6]
[6, 8]
[9, 13]
[13, 30]
[30, 39]
[39, 1]
[1, 9]
[10, 24]
[24, 25]
[25, 10]
[11, 30]
[30, 10]
[10, 11]
[12, 21]
[21, 5]
[5, 12]
[13, 29]
[29, 9]
[9, 11]
[11, 12]
[12, 13]
[14, 28]
[28, 34]
[34, 9]
[9, 10]