Topology = ring
Number of nodes = 40
Optimal number of ADMs = 56
55 Lightpaths:
[0, 22]
[22, 32]
[32, 34]
[34, 36]
[36, 37]
[37, 0]
[1, 28]
[28, 38]
[38, 0]
[0, 1]
[2, 30]
[30, 37]
[37, 39]
[39, 2]
[3, 18]
[18, 26]
[26, 35]
[35, 39]
[39, 3]
[4, 7]
[7, 38]
[38, 3]
[3, 4]
[5, 4]
[4, 5]
[6, 24]
[24, 26]
[26, 0]
[0, 3]
[3, 6]
[7, 24]
[24, 1]
[1, 5]
[5, 6]
[6, 7]
[8, 20]
[20, 33]
[33, 2]
[2, 8]
[9, 15]
[15, 37]
[37, 1]
[1, 7]
[7, 8]
[8, 9]
[10, 14]
[14, 1]
[1, 4]
[4, 8]
[8, 10]
[11, 38]
[38, 5]
[5, 8]
[8, 11]
[12, 10]