Topology = ring
Number of nodes = 100
Optimal number of ADMs = 95
95 Lightpaths:
[0, 35]
[35, 64]
[64, 83]
[83, 91]
[91, 96]
[96, 0]
[1, 99]
[99, 1]
[2, 28]
[28, 81]
[81, 96]
[96, 98]
[98, 0]
[0, 1]
[1, 2]
[3, 43]
[43, 69]
[69, 2]
[2, 3]
[4, 37]
[37, 68]
[68, 72]
[72, 80]
[80, 83]
[83, 2]
[2, 4]
[5, 40]
[40, 77]
[77, 89]
[89, 97]
[97, 1]
[1, 4]
[4, 5]
[6, 69]
[69, 72]
[72, 81]
[81, 91]
[91, 98]
[98, 3]
[3, 6]
[7, 68]
[68, 95]
[95, 99]
[99, 6]
[6, 7]
[8, 80]
[80, 5]
[5, 8]
[9, 0]
[0, 5]
[5, 7]
[7, 8]
[8, 9]
[10, 63]
[63, 91]
[91, 1]
[1, 10]
[11, 44]
[44, 70]
[70, 82]
[82, 2]
[2, 11]
[12, 77]
[77, 4]
[4, 7]
[7, 9]
[9, 11]
[11, 12]
[13, 43]
[43, 56]
[56, 80]
[80, 6]
[6, 8]
[8, 12]
[12, 13]
[14, 16]
[16, 90]
[90, 91]
[91, 4]
[4, 11]
[11, 13]
[13, 14]
[15, 37]
[37, 76]
[76, 4]
[4, 15]
[16, 95]
[95, 4]
[4, 14]
[14, 15]
[15, 16]
[17, 47]
[47, 92]
[92, 15]
[15, 17]