Topology = ring
Number of nodes = 80
Optimal number of ADMs = 96
95 Lightpaths:
[0, 45]
[45, 52]
[52, 71]
[71, 77]
[77, 79]
[79, 0]
[1, 30]
[30, 52]
[52, 76]
[76, 79]
[79, 1]
[2, 7]
[7, 35]
[35, 65]
[65, 71]
[71, 73]
[73, 1]
[1, 2]
[3, 20]
[20, 0]
[0, 2]
[2, 3]
[4, 22]
[22, 41]
[41, 77]
[77, 2]
[2, 4]
[5, 16]
[16, 41]
[41, 4]
[4, 5]
[6, 46]
[46, 52]
[52, 59]
[59, 1]
[1, 3]
[3, 6]
[7, 61]
[61, 75]
[75, 0]
[0, 7]
[8, 21]
[21, 35]
[35, 69]
[69, 4]
[4, 6]
[6, 8]
[9, 64]
[64, 66]
[66, 79]
[79, 2]
[2, 5]
[5, 9]
[10, 53]
[53, 75]
[75, 76]
[76, 78]
[78, 10]
[11, 39]
[39, 78]
[78, 0]
[0, 1]
[1, 9]
[9, 11]
[12, 18]
[18, 22]
[22, 10]
[10, 12]
[13, 28]
[28, 63]
[63, 8]
[8, 11]
[11, 13]
[14, 3]
[3, 8]
[8, 12]
[12, 14]
[15, 21]
[21, 48]
[48, 60]
[60, 11]
[11, 14]
[14, 15]
[16, 57]
[57, 65]
[65, 79]
[79, 15]
[15, 16]
[17, 59]
[59, 0]
[0, 17]
[18, 39]
[39, 77]
[77, 0]
[0, 6]