Topology = ring
Number of nodes = 100
Optimal number of ADMs = 90
90 Lightpaths:
[0, 43]
[43, 48]
[48, 69]
[69, 92]
[92, 94]
[94, 97]
[97, 99]
[99, 0]
[1, 63]
[63, 70]
[70, 75]
[75, 93]
[93, 99]
[99, 1]
[2, 14]
[14, 93]
[93, 2]
[3, 19]
[19, 49]
[49, 94]
[94, 99]
[99, 2]
[2, 3]
[4, 78]
[78, 99]
[99, 3]
[3, 4]
[5, 73]
[73, 91]
[91, 4]
[4, 5]
[6, 88]
[88, 93]
[93, 3]
[3, 6]
[7, 97]
[97, 98]
[98, 5]
[5, 6]
[6, 7]
[8, 99]
[99, 8]
[9, 77]
[77, 80]
[80, 96]
[96, 8]
[8, 9]
[10, 66]
[66, 77]
[77, 82]
[82, 2]
[2, 5]
[5, 8]
[8, 10]
[11, 8]
[8, 11]
[12, 33]
[33, 68]
[68, 0]
[0, 12]
[13, 4]
[4, 10]
[10, 12]
[12, 13]
[14, 62]
[62, 0]
[0, 10]
[10, 13]
[13, 14]
[15, 64]
[64, 8]
[8, 12]
[12, 15]
[16, 34]
[34, 40]
[40, 74]
[74, 82]
[82, 5]
[5, 9]
[9, 14]
[14, 16]
[17, 74]
[74, 83]
[83, 16]
[16, 17]
[18, 84]
[84, 85]
[85, 8]
[8, 15]
[15, 18]