Topology = ring
Number of nodes = 80
Optimal number of ADMs = 152
150 Lightpaths:
[0, 74]
[74, 78]
[78, 79]
[79, 0]
[1, 6]
[6, 20]
[20, 70]
[70, 77]
[77, 79]
[79, 1]
[2, 9]
[9, 59]
[59, 65]
[65, 77]
[77, 1]
[1, 2]
[3, 12]
[12, 26]
[26, 72]
[72, 77]
[77, 3]
[4, 56]
[56, 76]
[76, 78]
[78, 4]
[5, 59]
[59, 73]
[73, 79]
[79, 5]
[6, 10]
[10, 19]
[19, 39]
[39, 60]
[60, 71]
[71, 77]
[77, 4]
[4, 6]
[7, 10]
[10, 44]
[44, 69]
[69, 2]
[2, 7]
[8, 54]
[54, 58]
[58, 67]
[67, 77]
[77, 8]
[9, 30]
[30, 74]
[74, 6]
[6, 8]
[8, 9]
[10, 6]
[6, 7]
[7, 8]
[8, 10]
[11, 48]
[48, 67]
[67, 10]
[10, 11]
[12, 42]
[42, 71]
[71, 7]
[7, 9]
[9, 10]
[10, 12]
[13, 65]
[65, 6]
[6, 11]
[11, 12]
[12, 13]
[14, 1]
[1, 11]
[11, 14]
[15, 25]
[25, 53]
[53, 54]
[54, 9]
[9, 13]
[13, 14]
[14, 15]
[16, 28]
[28, 34]
[34, 7]
[7, 11]
[11, 16]
[17, 61]
[61, 0]
[0, 5]
[5, 15]
[15, 16]
[16, 17]
[18, 52]
[52, 79]
[79, 12]
[12, 17]
[17, 18]
[19, 66]
[66, 17]
[17, 19]
[20, 16]
[16, 18]
[18, 19]
[19, 20]
[21, 31]
[31, 47]
[47, 12]
[12, 14]
[14, 16]
[16, 21]
[22, 41]
[41, 73]
[73, 3]
[3, 10]
[10, 13]
[13, 19]
[19, 22]
[23, 52]
[52, 5]
[5, 10]
[10, 18]
[18, 21]
[21, 22]
[22, 23]
[24, 25]
[25, 47]
[47, 20]
[20, 24]
[25, 21]
[21, 24]
[26, 29]
[29, 22]
[22, 25]
[25, 26]
[27, 5]
[5, 7]
[7, 15]
[15, 27]
[28, 55]
[55, 28]
[29, 3]
[3, 6]
[6, 14]
[14, 26]
[26, 27]
[27, 28]
[28, 29]
[30, 52]
[52, 73]
[73, 5]