Topology = ring
Number of nodes = 100
Optimal number of ADMs = 171
170 Lightpaths:
[0, 38]
[38, 92]
[92, 95]
[95, 96]
[96, 98]
[98, 0]
[1, 41]
[41, 84]
[84, 0]
[0, 1]
[2, 1]
[1, 2]
[3, 90]
[90, 97]
[97, 2]
[2, 3]
[4, 38]
[38, 66]
[66, 95]
[95, 98]
[98, 99]
[99, 4]
[5, 98]
[98, 1]
[1, 3]
[3, 4]
[4, 5]
[6, 38]
[38, 88]
[88, 4]
[4, 6]
[7, 90]
[90, 99]
[99, 6]
[6, 7]
[8, 99]
[99, 1]
[1, 7]
[7, 8]
[9, 39]
[39, 71]
[71, 95]
[95, 7]
[7, 9]
[10, 91]
[91, 0]
[0, 8]
[8, 10]
[11, 74]
[74, 76]
[76, 7]
[7, 11]
[12, 90]
[90, 0]
[0, 6]
[6, 11]
[11, 12]
[13, 21]
[21, 91]
[91, 99]
[99, 13]
[14, 19]
[19, 14]
[15, 4]
[4, 9]
[9, 15]
[16, 73]
[73, 98]
[98, 12]
[12, 13]
[13, 14]
[14, 16]
[17, 48]
[48, 85]
[85, 2]
[2, 7]
[7, 13]
[13, 15]
[15, 17]
[18, 21]
[21, 75]
[75, 76]
[76, 91]
[91, 94]
[94, 97]
[97, 10]
[10, 17]
[17, 18]
[19, 45]
[45, 0]
[0, 2]
[2, 15]
[15, 18]
[18, 19]
[20, 90]
[90, 5]
[5, 18]
[18, 20]
[21, 35]
[35, 53]
[53, 97]
[97, 8]
[8, 17]
[17, 20]
[20, 21]
[22, 87]
[87, 98]
[98, 9]
[9, 11]
[11, 21]
[21, 22]
[23, 99]
[99, 12]
[12, 22]
[22, 23]
[24, 42]
[42, 58]
[58, 23]
[23, 24]
[25, 22]
[22, 24]
[24, 25]
[26, 10]
[10, 24]
[24, 26]
[27, 28]
[28, 55]
[55, 82]
[82, 1]
[1, 13]
[13, 22]
[22, 27]
[28, 1]
[1, 28]
[29, 25]
[25, 27]
[27, 29]
[30, 9]
[9, 13]
[13, 17]
[17, 25]
[25, 28]
[28, 29]
[29, 30]
[31, 67]
[67, 90]
[90, 2]
[2, 18]
[18, 30]
[30, 31]
[32, 41]
[41, 44]
[44, 13]
[13, 16]
[16, 20]
[20, 24]
[24, 28]
[28, 30]
[30, 32]
[33, 81]
[81, 18]
[18, 29]
[29, 33]
[34, 68]
[68, 25]
[25, 26]
[26, 28]
[28, 31]
[31, 32]
[32, 33]