Topology = ring
Number of nodes = 70
Optimal number of ADMs = 61
60 Lightpaths:
[0, 8]
[8, 12]
[12, 17]
[17, 25]
[25, 0]
[1, 54]
[54, 0]
[0, 1]
[2, 13]
[13, 52]
[52, 58]
[58, 68]
[68, 69]
[69, 1]
[1, 2]
[3, 45]
[45, 52]
[52, 60]
[60, 0]
[0, 2]
[2, 3]
[4, 37]
[37, 50]
[50, 61]
[61, 66]
[66, 1]
[1, 4]
[5, 10]
[10, 27]
[27, 29]
[29, 60]
[60, 68]
[68, 1]
[1, 5]
[6, 16]
[16, 46]
[46, 63]
[63, 2]
[2, 5]
[5, 6]
[7, 8]
[8, 2]
[2, 7]
[8, 14]
[14, 21]
[21, 4]
[4, 8]
[9, 57]
[57, 63]
[63, 66]
[66, 4]
[4, 6]
[6, 9]
[10, 25]
[25, 55]
[55, 4]
[4, 5]
[5, 9]
[9, 10]
[11, 54]