Topology = ring
Number of nodes = 80
Optimal number of ADMs = 91
90 Lightpaths:
[0, 21]
[21, 48]
[48, 70]
[70, 77]
[77, 78]
[78, 79]
[79, 0]
[1, 30]
[30, 41]
[41, 70]
[70, 1]
[2, 8]
[8, 33]
[33, 44]
[44, 1]
[1, 2]
[3, 9]
[9, 75]
[75, 79]
[79, 3]
[4, 31]
[31, 33]
[33, 69]
[69, 71]
[71, 75]
[75, 0]
[0, 3]
[3, 4]
[5, 43]
[43, 67]
[67, 70]
[70, 78]
[78, 2]
[2, 5]
[6, 74]
[74, 2]
[2, 6]
[7, 6]
[6, 7]
[8, 17]
[17, 22]
[22, 71]
[71, 0]
[0, 6]
[6, 8]
[9, 37]
[37, 39]
[39, 77]
[77, 0]
[0, 4]
[4, 7]
[7, 8]
[8, 9]
[10, 20]
[20, 58]
[58, 7]
[7, 10]
[11, 56]
[56, 73]
[73, 76]
[76, 7]
[7, 11]
[12, 28]
[28, 12]
[13, 33]
[33, 50]
[50, 73]
[73, 6]
[6, 12]
[12, 13]
[14, 37]
[37, 13]
[13, 14]
[15, 38]
[38, 61]
[61, 65]
[65, 13]
[13, 15]
[16, 64]
[64, 5]
[5, 14]
[14, 16]
[17, 4]
[4, 11]
[11, 12]
[12, 14]
[14, 15]
[15, 17]
[18, 45]
[45, 56]