Topology = ring
Number of nodes = 80
Optimal number of ADMs = 122
120 Lightpaths:
[0, 79]
[79, 0]
[1, 68]
[68, 76]
[76, 0]
[0, 1]
[2, 1]
[1, 2]
[3, 18]
[18, 44]
[44, 49]
[49, 0]
[0, 3]
[4, 12]
[12, 61]
[61, 72]
[72, 79]
[79, 3]
[3, 4]
[5, 35]
[35, 70]
[70, 72]
[72, 78]
[78, 2]
[2, 5]
[6, 40]
[40, 61]
[61, 76]
[76, 1]
[1, 3]
[3, 5]
[5, 6]
[7, 27]
[27, 42]
[42, 4]
[4, 7]
[8, 37]
[37, 61]
[61, 1]
[1, 5]
[5, 8]
[9, 14]
[14, 23]
[23, 26]
[26, 72]
[72, 73]
[73, 79]
[79, 7]
[7, 9]
[10, 45]
[45, 58]
[58, 68]
[68, 75]
[75, 78]
[78, 3]
[3, 8]
[8, 10]
[11, 47]
[47, 72]
[72, 11]
[12, 59]
[59, 7]
[7, 12]
[13, 76]
[76, 77]
[77, 12]
[12, 13]
[14, 26]
[26, 66]
[66, 1]
[1, 11]
[11, 14]
[15, 33]
[33, 51]
[51, 3]
[3, 10]
[10, 14]
[14, 15]
[16, 35]
[35, 78]
[78, 11]
[11, 13]
[13, 14]
[14, 16]
[17, 71]
[71, 14]
[14, 17]
[18, 21]
[21, 0]
[0, 18]
[19, 38]
[38, 12]
[12, 15]
[15, 16]
[16, 17]
[17, 18]
[18, 19]
[20, 19]
[19, 20]
[21, 22]
[22, 14]
[14, 18]
[18, 20]
[20, 21]
[22, 17]
[17, 21]
[23, 51]
[51, 60]
[60, 10]
[10, 21]
[21, 23]
[24, 77]
[77, 13]
[13, 21]
[21, 24]
[25, 48]
[48, 55]
[55, 2]
[2, 6]
[6, 11]