Topology = ring
Number of nodes = 60
Optimal number of ADMs = 115
115 Lightpaths:
[0, 53]
[53, 59]
[59, 0]
[1, 46]
[46, 0]
[0, 1]
[2, 46]
[46, 59]
[59, 1]
[1, 2]
[3, 38]
[38, 52]
[52, 54]
[54, 59]
[59, 3]
[4, 22]
[22, 40]
[40, 57]
[57, 4]
[5, 40]
[40, 55]
[55, 58]
[58, 3]
[3, 5]
[6, 54]
[54, 3]
[3, 4]
[4, 5]
[5, 6]
[7, 54]
[54, 1]
[1, 3]
[3, 7]
[8, 57]
[57, 8]
[9, 18]
[18, 35]
[35, 4]
[4, 7]
[7, 9]
[10, 9]
[9, 10]
[11, 7]
[7, 11]
[12, 23]
[23, 56]
[56, 8]
[8, 10]
[10, 11]
[11, 12]
[13, 2]
[2, 5]
[5, 8]
[8, 12]
[12, 13]
[14, 26]
[26, 6]
[6, 13]
[13, 14]
[15, 46]
[46, 9]
[9, 11]
[11, 14]
[14, 15]
[16, 32]
[32, 52]
[52, 14]
[14, 16]
[17, 54]
[54, 13]
[13, 16]
[16, 17]
[18, 17]
[17, 18]
[19, 37]
[37, 53]
[53, 13]
[13, 17]
[17, 19]
[20, 33]
[33, 42]
[42, 14]
[14, 18]
[18, 19]
[19, 20]
[21, 5]
[5, 20]
[20, 21]
[22, 55]
[55, 4]
[4, 8]
[8, 16]
[16, 18]
[18, 20]
[20, 22]
[23, 3]
[3, 13]
[13, 22]
[22, 23]
[24, 41]
[41, 7]
[7, 18]
[18, 22]
[22, 24]
[25, 31]
[31, 53]
[53, 55]
[55, 17]
[17, 25]
[26, 2]
[2, 14]
[14, 20]
[20, 24]
[24, 25]
[25, 26]