Topology = ring
Number of nodes = 80
Optimal number of ADMs = 77
75 Lightpaths:
[0, 51]
[51, 65]
[65, 66]
[66, 74]
[74, 76]
[76, 78]
[78, 79]
[79, 0]
[1, 77]
[77, 79]
[79, 1]
[2, 59]
[59, 63]
[63, 71]
[71, 1]
[1, 2]
[3, 76]
[76, 1]
[1, 3]
[4, 31]
[31, 62]
[62, 79]
[5, 52]
[52, 3]
[3, 5]
[6, 46]
[46, 62]
[62, 72]
[72, 77]
[77, 0]
[0, 3]
[3, 4]
[4, 5]
[5, 6]
[7, 79]
[79, 3]
[3, 6]
[6, 7]
[8, 21]
[21, 39]
[39, 64]
[64, 77]
[77, 1]
[1, 5]
[5, 7]
[7, 8]
[9, 44]
[44, 77]
[77, 6]
[6, 9]
[10, 70]
[70, 74]
[74, 4]
[4, 8]
[8, 9]
[9, 10]
[11, 40]
[40, 60]
[60, 11]
[12, 51]
[51, 62]
[62, 77]
[77, 10]
[10, 12]
[13, 67]
[67, 9]
[9, 12]
[12, 13]
[14, 31]
[31, 72]
[72, 74]
[74, 11]
[11, 13]
[13, 14]
[15, 7]