Topology = ring
Number of nodes = 60
Optimal number of ADMs = 113
110 Lightpaths:
[0, 29]
[29, 59]
[59, 0]
[1, 27]
[27, 54]
[54, 57]
[57, 59]
[59, 1]
[2, 43]
[43, 1]
[1, 2]
[3, 7]
[7, 44]
[44, 51]
[51, 3]
[4, 13]
[13, 24]
[24, 52]
[52, 59]
[59, 3]
[3, 4]
[5, 32]
[32, 52]
[52, 2]
[2, 4]
[4, 5]
[6, 7]
[7, 2]
[2, 3]
[3, 6]
[7, 17]
[17, 4]
[4, 6]
[8, 57]
[57, 3]
[3, 5]
[5, 8]
[9, 37]
[37, 6]
[6, 8]
[8, 9]
[10, 41]
[41, 5]
[5, 6]
[6, 10]
[11, 58]
[58, 2]
[2, 5]
[5, 7]
[7, 9]
[9, 10]
[10, 11]
[12, 17]
[17, 35]
[35, 51]
[51, 55]
[55, 9]
[9, 12]
[13, 8]
[8, 11]
[11, 13]
[14, 44]
[44, 56]
[56, 3]
[3, 9]
[9, 13]
[13, 14]
[15, 2]
[2, 12]
[12, 15]
[16, 6]
[6, 13]
[13, 15]
[15, 16]
[17, 48]
[48, 5]
[5, 10]
[10, 16]
[16, 17]
[18, 6]
[6, 17]
[17, 18]
[19, 39]
[39, 50]
[50, 0]
[0, 4]
[4, 18]
[18, 19]
[20, 21]
[21, 37]
[37, 57]
[57, 13]
[13, 20]
[21, 34]
[34, 56]
[56, 1]
[1, 3]
[3, 19]
[19, 20]
[22, 51]
[51, 10]
[10, 19]
[19, 21]
[21, 22]
[23, 8]
[8, 20]
[20, 22]
[22, 23]
[24, 45]
[45, 4]