Topology = ring
Number of nodes = 60
Optimal number of ADMs = 86
85 Lightpaths:
[0, 53]
[53, 55]
[55, 56]
[56, 58]
[58, 0]
[1, 27]
[27, 49]
[49, 50]
[50, 0]
[0, 1]
[2, 48]
[48, 56]
[56, 2]
[3, 43]
[43, 44]
[44, 49]
[49, 0]
[0, 2]
[2, 3]
[4, 40]
[40, 50]
[50, 57]
[57, 0]
[0, 4]
[5, 11]
[11, 33]
[33, 40]
[40, 53]
[53, 5]
[6, 23]
[23, 49]
[49, 4]
[4, 5]
[5, 6]
[7, 54]
[54, 55]
[55, 6]
[6, 7]
[8, 9]
[9, 34]
[34, 8]
[9, 43]
[43, 50]
[50, 8]
[10, 50]
[50, 9]
[9, 10]
[11, 40]
[40, 54]
[54, 9]
[9, 11]
[12, 21]
[21, 56]
[56, 11]
[11, 12]
[13, 25]
[25, 12]
[12, 13]
[14, 24]
[24, 54]
[54, 12]
[12, 14]
[15, 48]
[48, 7]
[7, 9]
[9, 15]
[16, 19]
[19, 16]
[17, 23]
[23, 33]
[33, 46]
[46, 50]
[50, 52]
[52, 14]
[14, 16]
[16, 17]
[18, 6]
[6, 16]
[16, 18]
[19, 18]
[18, 19]
[20, 49]
[49, 58]
[58, 17]
[17, 20]