Topology = ring
Number of nodes = 90
Optimal number of ADMs = 68
65 Lightpaths:
[0, 76]
[76, 77]
[77, 80]
[80, 0]
[1, 62]
[62, 69]
[69, 84]
[84, 0]
[0, 1]
[2, 44]
[44, 82]
[82, 1]
[1, 2]
[3, 21]
[21, 89]
[89, 1]
[1, 3]
[4, 5]
[5, 30]
[30, 86]
[86, 3]
[3, 4]
[5, 57]
[57, 79]
[79, 83]
[83, 3]
[3, 5]
[6, 74]
[74, 4]
[4, 6]
[7, 15]
[15, 6]
[6, 7]
[8, 1]
[1, 5]
[5, 7]
[7, 8]
[9, 59]
[59, 8]
[8, 9]
[10, 40]
[40, 43]
[43, 63]
[63, 1]
[1, 9]
[9, 10]
[11, 13]
[13, 87]
[87, 9]
[9, 11]
[12, 40]
[40, 70]
[70, 79]
[79, 5]
[5, 9]
[9, 12]
[13, 14]
[14, 78]
[78, 2]
[2, 7]
[7, 11]
[14, 1]
[1, 12]
[12, 13]
[15, 8]