Topology = ring
Number of nodes = 70
Optimal number of ADMs = 90
90 Lightpaths:
[0, 7]
[7, 49]
[49, 63]
[63, 66]
[66, 0]
[1, 53]
[53, 0]
[0, 1]
[2, 35]
[35, 62]
[62, 0]
[0, 2]
[3, 30]
[30, 66]
[66, 68]
[68, 69]
[69, 0]
[0, 3]
[4, 55]
[55, 61]
[61, 4]
[5, 40]
[40, 64]
[64, 0]
[0, 5]
[6, 31]
[31, 53]
[53, 2]
[2, 5]
[5, 6]
[7, 25]
[25, 42]
[42, 67]
[67, 4]
[4, 5]
[5, 7]
[8, 13]
[13, 67]
[67, 1]
[1, 4]
[4, 8]
[9, 15]
[15, 30]
[30, 41]
[41, 7]
[7, 8]
[8, 9]
[10, 8]
[8, 10]
[11, 21]
[21, 10]
[10, 11]
[12, 34]
[34, 7]
[7, 12]
[13, 64]
[64, 69]
[69, 5]
[5, 8]
[8, 11]
[11, 13]
[14, 65]
[65, 1]
[1, 9]
[9, 14]
[15, 33]
[33, 66]
[66, 14]
[14, 15]
[16, 37]
[37, 3]
[3, 15]
[15, 16]
[17, 21]
[21, 51]
[51, 0]
[0, 13]
[13, 14]
[14, 17]
[18, 20]
[20, 54]
[54, 1]
[1, 7]
[7, 16]
[16, 18]
[19, 45]
[45, 67]
[67, 11]
[11, 18]
[18, 19]