Topology = ring
Number of nodes = 60
Optimal number of ADMs = 71
70 Lightpaths:
[0, 23]
[23, 30]
[30, 52]
[52, 58]
[58, 59]
[59, 0]
[1, 53]
[53, 0]
[0, 1]
[2, 58]
[58, 2]
[3, 49]
[49, 58]
[58, 0]
[0, 3]
[4, 50]
[50, 55]
[55, 58]
[58, 1]
[1, 2]
[2, 3]
[3, 4]
[5, 56]
[56, 5]
[6, 21]
[21, 22]
[22, 53]
[53, 2]
[2, 6]
[7, 42]
[42, 2]
[2, 4]
[4, 7]
[8, 10]
[10, 37]
[37, 4]
[4, 8]
[9, 45]
[45, 56]
[56, 1]
[1, 7]
[7, 8]
[8, 9]
[10, 24]
[24, 50]
[50, 9]
[9, 10]
[11, 26]
[26, 11]
[12, 18]
[18, 21]
[21, 48]
[48, 58]
[58, 12]
[13, 34]
[34, 35]
[35, 47]
[47, 0]
[0, 10]
[10, 13]
[14, 43]
[43, 4]
[4, 9]
[9, 12]
[12, 14]
[15, 16]
[16, 54]
[54, 12]
[12, 15]
[16, 52]