Topology = ring
Number of nodes = 80
Optimal number of ADMs = 67
65 Lightpaths:
[0, 38]
[38, 55]
[55, 62]
[62, 69]
[69, 70]
[70, 77]
[77, 0]
[1, 78]
[78, 79]
[79, 0]
[0, 1]
[2, 3]
[3, 74]
[74, 1]
[1, 2]
[3, 60]
[60, 2]
[4, 63]
[63, 71]
[71, 78]
[78, 3]
[3, 4]
[5, 17]
[17, 25]
[25, 73]
[73, 1]
[1, 5]
[6, 28]
[28, 29]
[29, 79]
[79, 4]
[4, 6]
[7, 40]
[40, 62]
[62, 73]
[73, 2]
[2, 4]
[4, 7]
[8, 3]
[3, 6]
[6, 8]
[9, 5]
[5, 6]
[6, 7]
[7, 9]
[10, 70]
[70, 3]
[3, 7]
[7, 10]
[11, 56]
[56, 76]
[76, 6]
[6, 9]
[9, 11]
[12, 71]
[71, 9]
[9, 12]
[13, 12]
[12, 13]
[14, 55]
[55, 4]
[4, 5]
[5, 12]
[12, 14]
[15, 48]