Topology = ring
Number of nodes = 100
Optimal number of ADMs = 191
190 Lightpaths:
[0, 41]
[41, 66]
[66, 0]
[1, 33]
[33, 48]
[48, 83]
[83, 94]
[94, 0]
[0, 1]
[2, 16]
[16, 83]
[83, 87]
[87, 99]
[99, 0]
[0, 2]
[3, 72]
[72, 83]
[83, 97]
[97, 3]
[4, 74]
[74, 97]
[97, 1]
[1, 2]
[2, 3]
[3, 4]
[5, 22]
[22, 97]
[97, 4]
[4, 5]
[6, 23]
[23, 29]
[29, 37]
[37, 89]
[89, 3]
[3, 5]
[5, 6]
[7, 65]
[65, 76]
[76, 2]
[2, 6]
[6, 7]
[8, 98]
[98, 7]
[7, 8]
[9, 61]
[61, 86]
[86, 92]
[92, 95]
[95, 96]
[96, 1]
[1, 5]
[5, 7]
[7, 9]
[10, 60]
[60, 98]
[98, 0]
[0, 4]
[4, 7]
[7, 10]
[11, 4]
[4, 8]
[8, 10]
[10, 11]
[12, 31]
[31, 73]
[73, 92]
[92, 3]
[3, 8]
[8, 12]
[13, 10]
[10, 13]
[14, 49]
[49, 53]
[53, 71]
[71, 90]
[90, 14]
[15, 29]
[29, 85]
[85, 99]
[99, 12]
[12, 14]
[14, 15]
[16, 54]
[54, 80]
[80, 8]
[8, 16]
[17, 62]
[62, 11]
[11, 12]
[12, 13]
[13, 16]
[16, 17]
[18, 49]
[49, 52]
[52, 96]
[96, 0]
[0, 16]
[16, 18]
[19, 24]
[24, 7]
[7, 15]
[15, 19]
[20, 64]
[64, 12]
[12, 15]
[15, 16]
[16, 20]
[21, 46]
[46, 92]
[92, 14]
[14, 20]
[20, 21]
[22, 2]
[2, 21]
[21, 22]
[23, 68]
[68, 85]
[85, 18]
[18, 20]
[20, 23]
[24, 96]
[96, 22]
[22, 23]
[23, 24]
[25, 19]
[19, 20]
[20, 24]
[24, 25]
[26, 69]
[69, 13]
[13, 21]
[21, 23]
[23, 26]
[27, 26]
[26, 27]
[28, 85]
[85, 15]
[15, 26]
[26, 28]
[29, 0]
[0, 18]
[18, 23]
[23, 25]
[25, 26]
[26, 29]
[30, 26]
[26, 30]
[31, 18]
[18, 29]
[29, 30]
[30, 31]
[32, 85]
[85, 29]
[29, 32]
[33, 31]
[31, 32]
[32, 33]
[34, 70]
[70, 82]
[82, 6]
[6, 9]
[9, 28]
[28, 32]
[32, 34]
[35, 8]
[8, 21]
[21, 33]
[33, 35]
[36, 75]
[75, 2]
[2, 36]
[37, 80]
[80, 17]
[17, 18]
[18, 35]
[35, 36]
[36, 37]
[38, 81]
[81, 86]
[86, 97]
[97, 31]
[31, 33]
[33, 38]
[39, 68]
[68, 35]
[35, 38]
[38, 39]
[40, 86]
[86, 23]
[23, 30]