Topology = ring
Number of nodes = 90
Optimal number of ADMs = 80
80 Lightpaths:
[0, 61]
[61, 69]
[69, 89]
[89, 0]
[1, 70]
[70, 84]
[84, 1]
[2, 51]
[51, 87]
[87, 89]
[89, 2]
[3, 50]
[50, 87]
[87, 1]
[1, 2]
[2, 3]
[4, 27]
[27, 53]
[53, 2]
[2, 4]
[5, 22]
[22, 85]
[85, 4]
[4, 5]
[6, 78]
[78, 85]
[85, 5]
[5, 6]
[7, 47]
[47, 2]
[2, 6]
[6, 7]
[8, 0]
[0, 7]
[7, 8]
[9, 56]
[56, 2]
[2, 7]
[7, 9]
[10, 73]
[73, 3]
[3, 5]
[5, 10]
[11, 85]
[85, 6]
[6, 9]
[9, 10]
[10, 11]
[12, 63]
[63, 78]
[78, 3]
[3, 6]
[6, 12]
[13, 27]
[27, 71]
[71, 72]
[72, 84]
[84, 4]
[4, 12]
[12, 13]
[14, 32]
[32, 43]
[43, 50]
[50, 70]
[70, 74]
[74, 14]
[15, 3]
[3, 13]
[13, 14]
[14, 15]
[16, 37]
[37, 46]
[46, 0]
[0, 9]
[9, 13]
[13, 15]
[15, 16]
[17, 83]
[83, 7]
[7, 17]