Topology = ring
Number of nodes = 90
Optimal number of ADMs = 86
85 Lightpaths:
[0, 27]
[27, 56]
[56, 76]
[76, 83]
[83, 89]
[89, 0]
[1, 33]
[33, 64]
[64, 65]
[65, 78]
[78, 89]
[89, 1]
[2, 6]
[6, 60]
[60, 80]
[80, 89]
[89, 2]
[3, 66]
[66, 75]
[75, 83]
[83, 0]
[0, 2]
[2, 3]
[4, 26]
[26, 36]
[36, 78]
[78, 81]
[81, 0]
[0, 1]
[1, 3]
[3, 4]
[5, 72]
[72, 84]
[84, 85]
[85, 0]
[0, 3]
[3, 5]
[6, 34]
[34, 51]
[51, 75]
[75, 78]
[78, 3]
[3, 6]
[7, 84]
[84, 0]
[0, 4]
[4, 7]
[8, 64]
[64, 84]
[84, 1]
[1, 8]
[9, 7]
[7, 9]
[10, 13]
[13, 40]
[40, 9]
[9, 10]
[11, 64]
[64, 67]
[67, 6]
[6, 9]
[9, 11]
[12, 11]
[11, 12]
[13, 44]
[44, 72]
[72, 86]
[86, 1]
[1, 4]
[4, 6]
[6, 10]
[10, 11]
[11, 13]
[14, 72]
[72, 74]
[74, 12]
[12, 13]
[13, 14]
[15, 52]
[52, 4]
[4, 11]
[11, 15]
[16, 51]
[51, 9]
[9, 12]