Topology = ring
Number of nodes = 90
Optimal number of ADMs = 55
55 Lightpaths:
[0, 87]
[87, 88]
[88, 0]
[1, 50]
[50, 78]
[78, 87]
[87, 1]
[2, 89]
[89, 0]
[0, 2]
[3, 33]
[33, 47]
[47, 81]
[81, 86]
[86, 1]
[1, 2]
[2, 3]
[4, 46]
[46, 53]
[53, 3]
[3, 4]
[5, 87]
[87, 0]
[0, 4]
[4, 5]
[6, 5]
[5, 6]
[7, 6]
[6, 7]
[8, 6]
[6, 8]
[9, 88]
[88, 6]
[6, 9]
[10, 21]
[21, 50]
[50, 70]
[70, 79]
[79, 84]
[84, 5]
[5, 9]
[9, 10]
[11, 67]
[67, 68]
[68, 85]
[85, 89]
[89, 1]
[1, 7]
[7, 10]
[10, 11]
[12, 70]
[70, 72]
[72, 1]
[1, 10]
[10, 12]