Topology = ring
Number of nodes = 70
Optimal number of ADMs = 56
55 Lightpaths:
[0, 24]
[24, 64]
[64, 65]
[65, 69]
[69, 0]
[1, 48]
[48, 52]
[52, 62]
[62, 68]
[68, 1]
[2, 24]
[24, 58]
[58, 1]
[1, 2]
[3, 48]
[48, 0]
[0, 2]
[2, 3]
[4, 36]
[36, 4]
[5, 33]
[33, 46]
[46, 4]
[4, 5]
[6, 32]
[32, 57]
[57, 60]
[60, 2]
[2, 6]
[7, 10]
[10, 38]
[38, 63]
[63, 5]
[5, 7]
[8, 51]
[51, 66]
[66, 1]
[1, 7]
[7, 8]
[9, 65]
[65, 9]
[10, 3]
[3, 5]
[5, 10]
[11, 47]
[47, 49]
[49, 60]
[60, 5]
[5, 11]
[12, 52]
[52, 7]
[7, 11]
[11, 12]
[13, 63]
[63, 3]