Topology = ring
Number of nodes = 90
Optimal number of ADMs = 71
70 Lightpaths:
[0, 71]
[71, 87]
[87, 88]
[88, 0]
[1, 43]
[43, 84]
[84, 1]
[2, 25]
[25, 52]
[52, 69]
[69, 86]
[86, 88]
[88, 2]
[3, 84]
[84, 88]
[88, 1]
[1, 3]
[4, 9]
[9, 63]
[63, 64]
[64, 88]
[88, 3]
[3, 4]
[5, 79]
[79, 80]
[80, 89]
[89, 1]
[1, 2]
[2, 4]
[4, 5]
[6, 0]
[0, 1]
[1, 5]
[5, 6]
[7, 49]
[49, 80]
[80, 2]
[2, 6]
[6, 7]
[8, 25]
[25, 31]
[31, 66]
[66, 83]
[83, 5]
[5, 8]
[9, 77]
[77, 80]
[80, 86]
[86, 2]
[2, 7]
[7, 8]
[8, 9]
[10, 35]
[35, 4]
[4, 8]
[8, 10]
[11, 57]
[57, 76]
[76, 4]
[4, 11]
[12, 76]
[76, 83]
[83, 87]
[87, 11]
[11, 12]
[13, 48]
[48, 12]
[12, 13]
[14, 76]
[76, 6]