Topology = ring
Number of nodes = 90
Optimal number of ADMs = 181
180 Lightpaths:
[0, 54]
[54, 89]
[89, 0]
[1, 40]
[40, 76]
[76, 89]
[89, 1]
[2, 7]
[7, 46]
[46, 81]
[81, 84]
[84, 87]
[87, 0]
[0, 1]
[1, 2]
[3, 41]
[41, 49]
[49, 58]
[58, 79]
[79, 87]
[87, 88]
[88, 1]
[1, 3]
[4, 44]
[44, 79]
[79, 4]
[5, 23]
[23, 63]
[63, 70]
[70, 77]
[77, 84]
[84, 2]
[2, 3]
[3, 4]
[4, 5]
[6, 21]
[21, 52]
[52, 82]
[82, 85]
[85, 89]
[89, 3]
[3, 6]
[7, 22]
[22, 43]
[43, 49]
[49, 86]
[86, 89]
[89, 7]
[8, 27]
[27, 46]
[46, 70]
[70, 73]
[73, 83]
[83, 6]
[6, 8]
[9, 66]
[66, 72]
[72, 75]
[75, 88]
[88, 7]
[7, 9]
[10, 50]
[50, 5]
[5, 7]
[7, 10]
[11, 70]
[70, 75]
[75, 82]
[82, 9]
[9, 10]
[10, 11]
[12, 79]
[79, 89]
[89, 4]
[4, 9]
[9, 12]
[13, 79]
[79, 12]
[12, 13]
[14, 42]
[42, 3]
[3, 7]
[7, 8]
[8, 11]
[11, 14]
[15, 73]
[73, 10]
[10, 15]
[16, 60]
[60, 63]
[63, 76]
[76, 86]
[86, 1]
[1, 12]
[12, 15]
[15, 16]
[17, 7]
[7, 12]
[12, 16]
[16, 17]
[18, 67]
[67, 5]
[5, 18]
[19, 17]
[17, 19]
[20, 88]
[88, 18]
[18, 20]
[21, 50]
[50, 63]
[63, 65]
[65, 71]
[71, 13]
[13, 17]
[17, 21]
[22, 59]
[59, 13]
[13, 14]
[14, 16]
[16, 22]
[23, 11]
[11, 19]
[19, 22]
[22, 23]
[24, 29]
[29, 4]
[4, 11]
[11, 20]
[20, 21]
[21, 22]
[22, 24]
[25, 67]
[67, 17]
[17, 18]
[18, 19]
[19, 25]
[26, 56]
[56, 80]
[80, 85]
[85, 18]
[18, 24]
[24, 25]
[25, 26]
[27, 51]
[51, 27]
[28, 19]
[19, 24]
[24, 27]
[27, 28]
[29, 59]
[59, 60]
[60, 24]
[24, 28]
[28, 29]
[30, 24]
[24, 26]
[26, 28]
[28, 30]
[31, 65]
[65, 4]
[4, 27]
[27, 31]
[32, 21]
[21, 24]
[24, 30]
[30, 31]
[31, 32]
[33, 78]
[78, 31]
[31, 33]
[34, 50]
[50, 32]
[32, 34]
[35, 21]
[21, 34]
[34, 35]
[36, 63]
[63, 8]
[8, 14]
[14, 28]