Topology = ring
Number of nodes = 90
Optimal number of ADMs = 155
155 Lightpaths:
[0, 69]
[69, 78]
[78, 0]
[1, 54]
[54, 89]
[89, 1]
[2, 62]
[62, 80]
[80, 87]
[87, 2]
[3, 89]
[89, 2]
[2, 3]
[4, 85]
[85, 1]
[1, 4]
[5, 72]
[72, 84]
[84, 89]
[89, 3]
[3, 4]
[4, 5]
[6, 26]
[26, 63]
[63, 67]
[67, 1]
[1, 2]
[2, 6]
[7, 67]
[67, 68]
[68, 85]
[85, 7]
[8, 29]
[29, 53]
[53, 67]
[67, 82]
[82, 87]
[87, 0]
[0, 2]
[2, 5]
[5, 6]
[6, 8]
[9, 87]
[87, 3]
[3, 6]
[6, 9]
[10, 44]
[44, 77]
[77, 3]
[3, 10]
[11, 83]
[83, 85]
[85, 88]
[88, 5]
[5, 7]
[7, 8]
[8, 11]
[12, 79]
[79, 80]
[80, 1]
[1, 3]
[3, 11]
[11, 12]
[13, 88]
[88, 6]
[6, 7]
[7, 13]
[14, 43]
[43, 52]
[52, 7]
[7, 9]
[9, 14]
[15, 11]
[11, 14]
[14, 15]
[16, 39]
[39, 59]
[59, 88]
[88, 1]
[1, 5]
[5, 13]
[13, 14]
[14, 16]
[17, 87]
[87, 14]
[14, 17]
[18, 58]
[58, 7]
[7, 14]
[14, 18]
[19, 47]
[47, 5]
[5, 10]
[10, 15]
[15, 19]
[20, 53]
[53, 59]
[59, 13]
[13, 16]
[16, 18]
[18, 19]
[19, 20]
[21, 85]
[85, 86]
[86, 88]
[88, 89]
[89, 5]
[5, 12]
[12, 18]
[18, 21]
[22, 56]
[56, 87]
[87, 8]
[8, 15]
[15, 22]
[23, 57]
[57, 15]
[15, 18]
[18, 22]
[22, 23]
[24, 83]
[83, 8]
[8, 22]
[22, 24]
[25, 60]
[60, 62]
[62, 89]
[89, 23]
[23, 25]
[26, 48]
[48, 18]
[18, 25]
[25, 26]
[27, 5]
[5, 14]
[14, 23]
[23, 26]
[26, 27]
[28, 47]
[47, 52]
[52, 11]
[11, 21]
[21, 24]
[24, 26]
[26, 28]
[29, 63]
[63, 64]
[64, 28]
[28, 29]
[30, 27]
[27, 30]
[31, 34]
[34, 13]
[13, 19]
[19, 31]