Topology = ring
Number of nodes = 90
Optimal number of ADMs = 152
150 Lightpaths:
[0, 79]
[79, 0]
[1, 52]
[52, 67]
[67, 1]
[2, 22]
[22, 81]
[81, 88]
[88, 1]
[1, 2]
[3, 25]
[25, 78]
[78, 80]
[80, 3]
[4, 42]
[42, 2]
[2, 3]
[3, 4]
[5, 8]
[8, 15]
[15, 2]
[2, 5]
[6, 40]
[40, 70]
[70, 85]
[85, 6]
[7, 89]
[89, 1]
[1, 5]
[5, 7]
[8, 32]
[32, 55]
[55, 69]
[69, 74]
[74, 81]
[81, 87]
[87, 1]
[1, 8]
[9, 16]
[16, 76]
[76, 9]
[10, 0]
[0, 2]
[2, 6]
[6, 10]
[11, 8]
[8, 11]
[12, 44]
[44, 10]
[10, 12]
[13, 57]
[57, 69]
[69, 79]
[79, 85]
[85, 89]
[89, 3]
[3, 8]
[8, 13]
[14, 20]
[20, 38]
[38, 66]
[66, 3]
[3, 14]
[15, 86]
[86, 89]
[89, 15]
[16, 53]
[53, 70]
[70, 78]
[78, 87]
[87, 14]
[14, 15]
[15, 16]
[17, 62]
[62, 1]
[1, 14]
[14, 17]
[18, 14]
[14, 16]
[16, 17]
[17, 18]
[19, 25]
[25, 18]
[18, 19]
[20, 61]
[61, 15]
[15, 20]
[21, 45]
[45, 61]
[61, 72]
[72, 85]
[85, 2]
[2, 9]
[9, 12]
[12, 21]
[22, 16]
[16, 18]
[18, 22]
[23, 25]
[25, 5]
[5, 11]
[11, 14]
[14, 22]
[22, 23]
[24, 9]
[9, 15]
[15, 24]
[25, 13]
[13, 15]
[15, 19]
[19, 20]
[20, 21]
[21, 22]
[22, 25]
[26, 38]
[38, 39]
[39, 43]
[43, 57]
[57, 64]
[64, 22]
[22, 26]
[27, 28]
[28, 77]
[77, 22]
[22, 27]
[28, 45]
[45, 3]
[3, 15]
[15, 26]
[26, 27]
[29, 65]
[65, 75]
[75, 16]
[16, 19]
[19, 22]
[22, 24]
[24, 27]
[27, 29]
[30, 40]
[40, 67]
[67, 18]
[18, 29]
[29, 30]
[31, 2]
[2, 30]
[30, 31]
[32, 37]
[37, 79]
[79, 86]
[86, 11]