Topology = ring
Number of nodes = 70
Optimal number of ADMs = 127
125 Lightpaths:
[0, 10]
[10, 69]
[69, 0]
[1, 65]
[65, 66]
[66, 68]
[68, 69]
[69, 1]
[2, 33]
[33, 66]
[66, 67]
[67, 2]
[3, 4]
[4, 32]
[32, 67]
[67, 3]
[4, 67]
[67, 4]
[5, 1]
[1, 4]
[4, 5]
[6, 31]
[31, 58]
[58, 2]
[2, 4]
[4, 6]
[7, 4]
[4, 7]
[8, 57]
[57, 62]
[62, 2]
[2, 6]
[6, 8]
[9, 22]
[22, 66]
[66, 5]
[5, 7]
[7, 9]
[10, 65]
[65, 3]
[3, 5]
[5, 8]
[8, 9]
[9, 10]
[11, 48]
[48, 10]
[10, 11]
[12, 66]
[66, 10]
[10, 12]
[13, 51]
[51, 52]
[52, 55]
[55, 62]
[62, 65]
[65, 5]
[5, 13]
[14, 9]
[9, 13]
[13, 14]
[15, 5]
[5, 10]
[10, 15]
[16, 30]
[30, 51]
[51, 67]
[67, 10]
[10, 13]
[13, 16]
[17, 8]
[8, 14]
[14, 17]
[18, 58]
[58, 11]
[11, 15]
[15, 17]
[17, 18]
[19, 69]
[69, 14]
[14, 16]
[16, 19]
[20, 38]
[38, 61]
[61, 69]
[69, 12]
[12, 17]
[17, 19]
[19, 20]
[21, 0]
[0, 6]
[6, 13]
[13, 20]
[20, 21]
[22, 50]
[50, 9]
[9, 16]
[16, 17]
[17, 21]
[21, 22]
[23, 47]
[47, 68]
[68, 5]
[5, 15]
[15, 19]
[19, 21]
[21, 23]
[24, 12]
[12, 23]
[23, 24]
[25, 27]
[27, 18]
[18, 23]
[23, 25]
[26, 7]
[7, 12]
[12, 22]
[22, 23]
[27, 30]
[30, 27]
[28, 40]
[40, 60]
[60, 7]
[7, 10]
[10, 23]
[23, 27]