Topology = ring
Number of nodes = 100
Optimal number of ADMs = 55
55 Lightpaths:
[0, 74]
[74, 80]
[80, 90]
[90, 94]
[94, 99]
[99, 0]
[1, 11]
[11, 66]
[66, 88]
[88, 95]
[95, 97]
[97, 98]
[98, 0]
[0, 1]
[2, 22]
[22, 47]
[47, 71]
[71, 98]
[98, 99]
[99, 2]
[3, 30]
[30, 92]
[92, 93]
[93, 98]
[98, 2]
[2, 3]
[4, 25]
[25, 92]
[92, 3]
[3, 4]
[5, 97]
[97, 0]
[0, 4]
[4, 5]
[6, 14]
[14, 5]
[5, 6]
[7, 70]
[70, 79]
[79, 81]
[81, 90]
[90, 96]
[96, 3]
[3, 5]
[5, 7]
[8, 28]
[28, 79]
[79, 2]
[2, 8]
[9, 48]
[48, 96]
[96, 99]
[99, 6]
[6, 8]
[8, 9]