Topology = ring
Number of nodes = 100
Optimal number of ADMs = 101
100 Lightpaths:
[0, 16]
[16, 99]
[99, 0]
[1, 80]
[80, 98]
[98, 1]
[2, 71]
[71, 92]
[92, 98]
[98, 99]
[99, 1]
[1, 2]
[3, 77]
[77, 0]
[0, 2]
[2, 3]
[4, 35]
[35, 46]
[46, 52]
[52, 75]
[75, 91]
[91, 0]
[0, 3]
[3, 4]
[5, 53]
[53, 60]
[60, 80]
[80, 3]
[3, 5]
[6, 47]
[47, 59]
[59, 88]
[88, 95]
[95, 97]
[97, 0]
[0, 4]
[4, 5]
[5, 6]
[7, 53]
[53, 92]
[92, 4]
[4, 7]
[8, 76]
[76, 78]
[78, 90]
[90, 97]
[97, 1]
[1, 7]
[7, 8]
[9, 12]
[12, 16]
[16, 48]
[48, 99]
[99, 6]
[6, 9]
[10, 86]
[86, 87]
[87, 96]
[96, 5]
[5, 9]
[9, 10]
[11, 68]
[68, 82]
[82, 4]
[4, 11]
[12, 8]
[8, 12]
[13, 4]
[4, 10]
[10, 11]
[11, 12]
[12, 13]
[14, 13]
[13, 14]
[15, 64]
[64, 73]
[73, 97]
[97, 10]
[10, 15]
[16, 68]
[68, 81]
[81, 1]
[1, 8]
[8, 13]
[13, 16]
[17, 81]
[81, 93]
[93, 3]
[3, 13]
[13, 15]
[15, 17]
[18, 95]
[95, 16]
[16, 18]
[19, 46]
[46, 70]
[70, 76]
[76, 84]
[84, 6]
[6, 11]