Topology = ring
Number of nodes = 50
Optimal number of ADMs = 92
90 Lightpaths:
[0, 12]
[12, 30]
[30, 43]
[43, 48]
[48, 0]
[1, 18]
[18, 19]
[19, 31]
[31, 40]
[40, 48]
[48, 49]
[49, 0]
[0, 1]
[2, 40]
[40, 1]
[1, 2]
[3, 42]
[42, 3]
[4, 31]
[31, 44]
[44, 0]
[0, 2]
[2, 3]
[3, 4]
[5, 47]
[47, 49]
[49, 2]
[2, 5]
[6, 0]
[0, 6]
[7, 1]
[1, 7]
[8, 7]
[7, 8]
[9, 24]
[24, 44]
[44, 8]
[8, 9]
[10, 22]
[22, 30]
[30, 5]
[5, 7]
[7, 10]
[11, 13]
[13, 47]
[47, 1]
[1, 9]
[9, 11]
[12, 47]
[47, 9]
[9, 12]
[13, 12]
[12, 13]
[14, 46]
[46, 8]
[8, 11]
[11, 12]
[15, 9]
[9, 15]
[16, 15]
[15, 16]
[17, 32]
[32, 7]
[7, 12]
[12, 16]
[16, 17]
[18, 45]
[45, 47]
[47, 6]
[6, 15]
[15, 18]
[19, 48]
[48, 9]
[9, 19]
[20, 30]
[30, 8]
[8, 10]
[10, 12]
[12, 17]
[17, 19]
[19, 20]
[21, 2]
[2, 21]
[22, 7]
[7, 18]
[18, 21]
[21, 22]
[23, 40]
[40, 49]
[49, 7]