Topology = ring
Number of nodes = 80
Optimal number of ADMs = 131
130 Lightpaths:
[0, 1]
[1, 49]
[49, 67]
[67, 70]
[70, 0]
[1, 66]
[66, 72]
[72, 74]
[74, 77]
[77, 1]
[2, 13]
[13, 74]
[74, 78]
[78, 2]
[3, 43]
[43, 63]
[63, 67]
[67, 79]
[79, 1]
[1, 3]
[4, 48]
[48, 3]
[3, 4]
[5, 48]
[48, 79]
[79, 4]
[4, 5]
[6, 56]
[56, 78]
[78, 3]
[3, 5]
[5, 6]
[7, 73]
[73, 78]
[78, 0]
[0, 4]
[4, 7]
[8, 66]
[66, 3]
[3, 8]
[9, 44]
[44, 55]
[55, 66]
[66, 71]
[71, 9]
[10, 54]
[54, 6]
[6, 9]
[9, 10]
[11, 43]
[43, 77]
[77, 2]
[2, 7]
[7, 9]
[9, 11]
[12, 4]
[4, 10]
[10, 12]
[13, 9]
[9, 13]
[14, 33]
[33, 78]
[78, 6]
[6, 12]
[12, 13]
[13, 14]
[15, 29]
[29, 70]
[70, 76]
[76, 77]
[77, 4]
[4, 8]
[8, 14]
[14, 15]
[16, 10]
[10, 13]
[13, 16]
[17, 9]
[9, 16]
[16, 17]
[18, 28]
[28, 68]
[68, 13]
[13, 18]
[19, 47]
[47, 15]
[15, 16]
[16, 19]
[20, 7]
[7, 12]
[12, 20]
[21, 6]
[6, 18]
[18, 21]
[22, 5]
[5, 13]
[13, 20]
[20, 21]
[21, 22]
[23, 30]
[30, 39]
[39, 73]
[73, 7]
[7, 8]
[8, 22]
[22, 23]
[24, 76]
[76, 15]
[15, 23]
[23, 24]
[25, 8]
[8, 16]
[16, 22]
[22, 24]
[24, 25]
[26, 8]
[8, 19]
[19, 21]
[21, 25]
[25, 26]
[27, 43]
[43, 12]
[12, 27]
[28, 6]
[6, 10]
[10, 18]
[18, 26]
[26, 28]
[29, 9]
[9, 22]