Topology = ring
Number of nodes = 90
Optimal number of ADMs = 106
105 Lightpaths:
[0, 12]
[12, 81]
[81, 88]
[88, 0]
[1, 48]
[48, 0]
[0, 1]
[2, 21]
[21, 68]
[68, 73]
[73, 81]
[81, 0]
[3, 45]
[45, 72]
[72, 0]
[0, 2]
[2, 3]
[4, 83]
[83, 1]
[1, 4]
[5, 6]
[6, 7]
[7, 59]
[59, 68]
[68, 80]
[80, 87]
[87, 89]
[89, 3]
[3, 5]
[6, 56]
[56, 83]
[83, 86]
[86, 88]
[88, 3]
[3, 6]
[7, 37]
[37, 62]
[62, 87]
[87, 7]
[8, 13]
[13, 42]
[42, 2]
[2, 5]
[5, 8]
[9, 35]
[35, 44]
[44, 56]
[56, 60]
[60, 4]
[4, 5]
[5, 7]
[7, 9]
[10, 83]
[83, 84]
[84, 6]
[6, 9]
[9, 10]
[11, 23]
[23, 5]
[5, 10]
[10, 11]
[12, 14]
[14, 82]
[82, 9]
[9, 11]
[11, 12]
[13, 33]
[33, 3]
[3, 10]
[10, 13]
[14, 22]
[22, 9]
[9, 14]
[15, 51]
[51, 68]
[68, 69]
[69, 7]
[7, 14]
[14, 15]
[16, 70]
[70, 0]
[0, 7]
[7, 11]
[11, 14]
[14, 16]
[17, 30]
[30, 2]
[2, 15]
[15, 16]
[16, 17]
[18, 11]
[11, 18]
[19, 36]
[36, 62]
[62, 0]
[0, 4]
[4, 11]
[11, 15]
[15, 18]
[18, 19]
[20, 11]
[11, 17]
[17, 20]
[21, 80]
[80, 21]