Topology = ring
Number of nodes = 90
Optimal number of ADMs = 125
125 Lightpaths:
[0, 86]
[86, 89]
[89, 0]
[1, 68]
[68, 84]
[84, 88]
[88, 0]
[0, 1]
[2, 34]
[34, 83]
[83, 87]
[87, 2]
[3, 71]
[71, 78]
[78, 79]
[79, 82]
[82, 3]
[4, 82]
[82, 87]
[87, 4]
[5, 34]
[34, 72]
[72, 2]
[2, 3]
[3, 4]
[4, 5]
[6, 9]
[9, 28]
[28, 75]
[75, 78]
[78, 3]
[3, 5]
[5, 6]
[7, 85]
[85, 88]
[88, 2]
[2, 6]
[6, 7]
[8, 86]
[86, 88]
[88, 7]
[7, 8]
[9, 49]
[49, 58]
[58, 77]
[77, 0]
[0, 3]
[3, 8]
[8, 9]
[10, 64]
[64, 9]
[9, 10]
[11, 77]
[77, 85]
[85, 1]
[1, 9]
[9, 11]
[12, 46]
[46, 84]
[84, 11]
[11, 12]
[13, 40]
[40, 10]
[10, 11]
[11, 13]
[14, 62]
[62, 85]
[85, 14]
[15, 41]
[41, 78]
[78, 13]
[13, 14]
[14, 15]
[16, 0]
[0, 13]
[13, 16]
[17, 25]
[25, 4]
[4, 8]
[8, 16]
[16, 17]
[18, 37]
[37, 85]
[85, 86]
[86, 1]
[1, 18]
[19, 26]
[26, 87]
[87, 15]
[15, 19]
[20, 78]
[78, 89]
[89, 11]
[11, 16]
[16, 19]
[19, 20]
[21, 49]
[49, 76]
[76, 78]
[78, 15]
[15, 17]
[17, 20]
[20, 21]
[22, 49]
[49, 77]
[77, 86]
[86, 9]
[9, 22]
[23, 24]
[24, 80]
[80, 23]
[24, 6]
[6, 15]
[15, 18]
[18, 19]
[19, 24]
[25, 72]
[72, 6]
[6, 20]
[20, 25]
[26, 68]
[68, 19]
[19, 22]
[22, 25]
[25, 26]