Topology = ring
Number of nodes = 80
Optimal number of ADMs = 156
155 Lightpaths:
[0, 77]
[77, 79]
[79, 0]
[1, 66]
[66, 74]
[74, 75]
[75, 76]
[76, 0]
[0, 1]
[2, 28]
[28, 79]
[79, 2]
[3, 41]
[41, 46]
[46, 67]
[67, 1]
[1, 3]
[4, 17]
[17, 22]
[22, 68]
[68, 2]
[2, 4]
[5, 42]
[42, 66]
[66, 71]
[71, 1]
[1, 5]
[6, 39]
[39, 43]
[43, 47]
[47, 67]
[67, 3]
[3, 4]
[4, 5]
[5, 6]
[7, 58]
[58, 4]
[4, 7]
[8, 42]
[42, 1]
[1, 7]
[7, 8]
[9, 79]
[79, 7]
[7, 9]
[10, 64]
[64, 78]
[78, 79]
[79, 5]
[5, 10]
[11, 78]
[78, 8]
[8, 10]
[10, 11]
[12, 75]
[75, 4]
[4, 11]
[11, 12]
[13, 7]
[7, 13]
[14, 7]
[7, 10]
[10, 14]
[15, 42]
[42, 78]
[78, 11]
[11, 15]
[16, 59]
[59, 9]
[9, 14]
[14, 15]
[15, 16]
[17, 3]
[3, 17]
[18, 66]
[66, 16]
[16, 18]
[19, 33]
[33, 9]
[9, 13]
[13, 19]
[20, 66]
[66, 7]
[7, 14]
[14, 16]
[16, 17]
[17, 20]
[21, 65]
[65, 4]
[4, 9]
[9, 12]
[12, 14]
[14, 18]
[18, 19]
[19, 20]
[20, 21]
[22, 14]
[14, 17]
[17, 18]
[18, 22]
[23, 67]
[67, 18]
[18, 23]
[24, 56]
[56, 71]
[71, 3]
[3, 21]
[21, 22]
[22, 23]
[23, 24]
[25, 41]
[41, 14]
[14, 25]
[26, 60]
[60, 20]
[20, 23]
[23, 26]
[27, 16]
[16, 21]
[21, 23]
[23, 27]
[28, 3]
[3, 26]
[26, 27]
[27, 28]
[29, 76]
[76, 8]
[8, 9]
[9, 20]
[20, 28]
[28, 29]
[30, 69]
[69, 0]
[0, 12]
[12, 24]
[24, 25]
[25, 26]
[26, 30]
[31, 5]
[5, 18]
[18, 25]
[25, 28]
[28, 31]
[32, 4]
[4, 13]
[13, 23]
[23, 30]
[30, 31]
[31, 32]
[33, 23]
[23, 25]
[25, 33]
[34, 8]
[8, 13]
[13, 16]