Topology = ring
Number of nodes = 80
Optimal number of ADMs = 146
145 Lightpaths:
[0, 24]
[24, 62]
[62, 64]
[64, 72]
[72, 73]
[73, 79]
[79, 0]
[1, 32]
[32, 41]
[41, 53]
[53, 71]
[71, 76]
[76, 77]
[77, 78]
[78, 79]
[79, 1]
[2, 73]
[73, 74]
[74, 77]
[77, 1]
[1, 2]
[3, 57]
[57, 1]
[1, 3]
[4, 34]
[34, 49]
[49, 3]
[3, 4]
[5, 0]
[0, 1]
[1, 5]
[6, 20]
[20, 37]
[37, 5]
[5, 6]
[7, 34]
[34, 46]
[46, 70]
[70, 71]
[71, 3]
[3, 7]
[8, 41]
[41, 73]
[73, 5]
[5, 7]
[7, 8]
[9, 79]
[79, 6]
[6, 8]
[8, 9]
[10, 74]
[74, 10]
[11, 78]
[78, 0]
[0, 11]
[12, 76]
[76, 6]
[6, 9]
[9, 11]
[11, 12]
[13, 21]
[21, 3]
[3, 12]
[12, 13]
[14, 19]
[19, 21]
[21, 12]
[12, 14]
[15, 41]
[41, 7]
[7, 9]
[9, 12]
[12, 15]
[16, 34]
[34, 67]
[67, 70]
[70, 73]
[73, 14]
[14, 16]
[17, 53]
[53, 66]
[66, 69]
[69, 2]
[2, 5]
[5, 11]
[11, 14]
[14, 17]
[18, 3]
[3, 8]
[8, 18]
[19, 3]
[3, 16]
[16, 18]
[18, 19]
[20, 13]
[13, 15]
[15, 19]
[19, 20]
[21, 56]
[56, 1]
[1, 19]
[22, 66]
[66, 8]
[8, 20]
[20, 21]
[21, 22]
[23, 52]
[52, 20]
[20, 23]
[24, 48]
[48, 61]
[61, 2]
[2, 13]
[13, 18]
[18, 22]
[22, 23]
[23, 24]
[25, 12]
[12, 18]
[18, 20]
[20, 22]
[22, 24]
[24, 25]
[26, 53]
[53, 11]
[11, 19]
[19, 22]
[22, 25]
[25, 26]
[27, 39]
[39, 56]
[56, 71]
[71, 6]
[6, 7]
[7, 13]
[13, 26]
[26, 27]
[28, 59]
[59, 25]
[25, 28]
[29, 7]
[7, 20]
[20, 24]
[24, 28]
[28, 29]