Topology = ring
Number of nodes = 60
Optimal number of ADMs = 56
55 Lightpaths:
[0, 35]
[35, 43]
[43, 47]
[47, 51]
[51, 58]
[58, 0]
[1, 22]
[22, 1]
[2, 8]
[8, 32]
[32, 39]
[39, 47]
[47, 59]
[59, 0]
[0, 1]
[1, 2]
[3, 37]
[37, 44]
[44, 0]
[0, 2]
[2, 3]
[4, 15]
[15, 4]
[5, 26]
[26, 41]
[41, 1]
[1, 5]
[6, 59]
[59, 3]
[3, 5]
[5, 6]
[7, 49]
[49, 6]
[6, 7]
[8, 5]
[5, 7]
[7, 8]
[9, 33]
[33, 55]
[55, 3]
[3, 7]
[7, 9]
[10, 6]
[6, 10]
[11, 51]
[51, 57]
[57, 9]
[9, 11]
[12, 3]
[3, 12]
[13, 24]
[24, 40]
[40, 49]
[49, 59]
[59, 9]