Topology = ring
Number of nodes = 100
Optimal number of ADMs = 157
155 Lightpaths:
[0, 53]
[53, 57]
[57, 87]
[87, 93]
[93, 94]
[94, 97]
[97, 98]
[98, 0]
[1, 99]
[99, 1]
[2, 23]
[23, 41]
[41, 70]
[70, 95]
[95, 98]
[98, 99]
[99, 2]
[3, 24]
[24, 59]
[59, 84]
[84, 95]
[95, 1]
[1, 2]
[2, 3]
[4, 76]
[76, 1]
[1, 3]
[3, 4]
[5, 18]
[18, 49]
[49, 80]
[80, 95]
[95, 0]
[0, 4]
[4, 5]
[6, 17]
[17, 82]
[82, 86]
[86, 4]
[4, 6]
[7, 89]
[89, 91]
[91, 2]
[2, 4]
[4, 7]
[8, 9]
[9, 92]
[92, 2]
[2, 5]
[5, 7]
[7, 8]
[9, 10]
[10, 1]
[1, 9]
[10, 84]
[84, 7]
[7, 9]
[11, 46]
[46, 0]
[0, 8]
[8, 11]
[12, 58]
[58, 89]
[89, 93]
[93, 1]
[1, 8]
[8, 12]
[13, 14]
[14, 63]
[63, 88]
[88, 93]
[93, 95]
[95, 6]
[6, 8]
[8, 13]
[14, 30]
[30, 5]
[5, 14]
[15, 22]
[22, 49]
[49, 62]
[62, 88]
[88, 14]
[14, 15]
[16, 67]
[67, 97]
[97, 6]
[6, 15]
[15, 16]
[17, 5]
[5, 11]
[11, 13]
[13, 17]
[18, 89]
[89, 2]
[2, 11]
[11, 12]
[12, 16]
[16, 18]
[19, 77]
[77, 98]
[98, 10]
[10, 16]
[16, 17]
[17, 19]
[20, 99]
[99, 9]
[9, 17]
[17, 18]
[18, 20]
[21, 49]
[49, 68]
[68, 86]
[86, 20]
[20, 21]
[22, 38]
[38, 56]
[56, 22]
[23, 98]
[98, 8]
[8, 19]
[19, 21]
[21, 23]
[24, 7]
[7, 17]
[17, 23]
[23, 24]
[25, 52]
[52, 69]
[69, 18]
[18, 22]
[22, 24]
[24, 25]
[26, 43]
[43, 48]
[48, 80]
[80, 26]
[27, 55]
[55, 85]
[85, 14]
[14, 17]
[17, 26]
[26, 27]
[28, 29]
[29, 16]
[16, 20]
[20, 27]
[27, 28]
[29, 26]
[26, 29]
[30, 89]
[89, 5]
[5, 25]
[25, 30]
[31, 35]