Topology = ring
Number of nodes = 100
Optimal number of ADMs = 127
125 Lightpaths:
[0, 12]
[12, 84]
[84, 88]
[88, 90]
[90, 95]
[95, 96]
[96, 97]
[97, 99]
[99, 0]
[1, 19]
[19, 97]
[97, 98]
[98, 0]
[0, 1]
[2, 80]
[80, 86]
[86, 96]
[96, 0]
[0, 2]
[3, 52]
[52, 57]
[57, 91]
[91, 94]
[94, 96]
[96, 99]
[99, 3]
[4, 51]
[51, 77]
[77, 84]
[84, 94]
[94, 98]
[98, 4]
[5, 30]
[30, 37]
[37, 83]
[83, 92]
[92, 99]
[99, 4]
[4, 5]
[6, 75]
[75, 6]
[7, 30]
[30, 45]
[45, 81]
[81, 87]
[87, 2]
[2, 6]
[6, 7]
[8, 47]
[47, 59]
[59, 69]
[69, 95]
[95, 3]
[3, 5]
[5, 7]
[7, 8]
[9, 59]
[59, 93]
[93, 5]
[5, 9]
[10, 17]
[17, 32]
[32, 34]
[34, 70]
[70, 8]
[8, 10]
[11, 98]
[98, 8]
[8, 9]
[9, 11]
[12, 74]
[74, 8]
[8, 12]
[13, 28]
[28, 97]
[97, 13]
[14, 42]
[42, 58]
[58, 95]
[95, 8]
[8, 11]
[11, 13]
[13, 14]
[15, 36]
[36, 56]
[56, 4]
[4, 14]
[14, 15]
[16, 17]
[17, 29]
[29, 71]
[71, 8]
[8, 14]
[14, 16]
[17, 37]
[37, 95]
[95, 16]
[18, 6]
[6, 9]
[9, 18]
[19, 74]
[74, 13]
[13, 16]
[16, 19]
[20, 40]
[40, 14]
[14, 18]
[18, 20]
[21, 94]
[94, 21]
[22, 58]
[58, 60]
[60, 9]
[9, 14]
[14, 19]
[19, 21]
[21, 22]
[23, 36]
[36, 9]
[9, 21]
[21, 23]
[24, 62]
[62, 20]
[20, 24]
[25, 96]