Topology = ring
Number of nodes = 60
Optimal number of ADMs = 76
75 Lightpaths:
[0, 49]
[49, 59]
[59, 0]
[1, 54]
[54, 57]
[57, 58]
[58, 59]
[59, 1]
[2, 11]
[11, 30]
[30, 34]
[34, 56]
[56, 0]
[0, 2]
[3, 10]
[10, 39]
[39, 48]
[48, 49]
[49, 50]
[50, 57]
[57, 2]
[2, 3]
[4, 33]
[33, 3]
[3, 4]
[5, 7]
[7, 19]
[19, 27]
[27, 38]
[38, 48]
[48, 1]
[1, 2]
[2, 4]
[4, 5]
[6, 41]
[41, 44]
[44, 53]
[53, 59]
[59, 3]
[3, 6]
[7, 42]
[42, 3]
[3, 5]
[5, 6]
[6, 7]
[8, 26]
[26, 35]
[35, 41]
[41, 2]
[2, 8]
[9, 39]
[39, 2]
[2, 7]
[7, 8]
[8, 9]
[10, 14]
[14, 37]
[37, 50]
[50, 58]
[58, 2]
[2, 10]
[11, 51]
[51, 54]
[54, 7]
[7, 10]
[10, 11]
[12, 55]
[55, 8]
[8, 12]
[13, 27]
[27, 7]
[7, 11]
[11, 13]
[14, 16]
[16, 35]