Topology = ring
Number of nodes = 60
Optimal number of ADMs = 103
100 Lightpaths:
[0, 4]
[4, 10]
[10, 13]
[13, 30]
[30, 44]
[44, 59]
[59, 0]
[1, 7]
[7, 37]
[37, 40]
[40, 41]
[41, 59]
[59, 1]
[2, 4]
[4, 34]
[34, 45]
[45, 55]
[55, 2]
[3, 8]
[8, 48]
[48, 2]
[2, 3]
[4, 24]
[24, 51]
[51, 1]
[1, 4]
[5, 17]
[17, 53]
[53, 54]
[54, 2]
[6, 16]
[16, 42]
[42, 56]
[56, 57]
[57, 5]
[5, 6]
[7, 8]
[8, 0]
[0, 2]
[2, 5]
[5, 7]
[8, 53]
[53, 7]
[9, 14]
[14, 1]
[1, 8]
[8, 9]
[10, 55]
[55, 7]
[7, 9]
[9, 10]
[11, 6]
[6, 9]
[9, 11]
[12, 19]
[19, 35]
[35, 1]
[1, 9]
[9, 12]
[13, 25]
[25, 34]
[34, 44]
[44, 9]
[9, 13]
[14, 53]
[53, 14]
[15, 27]
[27, 14]
[14, 15]
[16, 19]
[19, 26]
[26, 34]
[34, 3]
[3, 11]
[11, 15]
[15, 16]
[17, 36]
[36, 49]
[49, 9]
[9, 17]
[18, 49]
[49, 8]
[8, 18]
[19, 8]
[8, 14]
[14, 19]
[20, 36]
[36, 37]
[37, 4]
[4, 19]
[19, 20]
[21, 13]
[13, 16]
[16, 20]
[20, 21]
[22, 11]
[11, 18]
[18, 21]
[21, 22]
[23, 8]