Topology = ring
Number of nodes = 80
Optimal number of ADMs = 126
125 Lightpaths:
[0, 13]
[13, 63]
[63, 79]
[79, 0]
[1, 78]
[78, 0]
[0, 1]
[2, 37]
[37, 75]
[75, 2]
[3, 40]
[40, 58]
[58, 61]
[61, 63]
[63, 71]
[71, 3]
[4, 15]
[15, 29]
[29, 73]
[73, 0]
[0, 3]
[3, 4]
[5, 52]
[52, 54]
[54, 2]
[2, 3]
[3, 5]
[6, 78]
[78, 6]
[7, 66]
[66, 72]
[72, 1]
[1, 7]
[8, 21]
[21, 2]
[2, 5]
[5, 8]
[9, 66]
[66, 73]
[73, 74]
[74, 2]
[2, 9]
[10, 79]
[79, 7]
[7, 9]
[9, 10]
[11, 77]
[77, 3]
[3, 9]
[9, 11]
[12, 78]
[78, 12]
[13, 70]
[70, 71]
[71, 11]
[11, 13]
[14, 9]
[9, 12]
[12, 13]
[13, 14]
[15, 46]
[46, 64]
[64, 69]
[69, 77]
[77, 5]
[5, 11]
[11, 14]
[14, 15]
[16, 67]
[67, 11]
[11, 12]
[12, 14]
[14, 16]
[17, 33]
[33, 61]
[61, 64]
[64, 11]
[11, 17]
[18, 53]
[53, 11]
[11, 15]
[15, 16]
[16, 17]
[17, 18]
[19, 57]
[57, 63]
[63, 1]
[1, 18]
[18, 19]
[20, 35]
[35, 42]
[42, 8]
[8, 14]
[14, 20]
[21, 72]
[72, 74]
[74, 19]
[19, 21]
[22, 38]
[38, 42]
[42, 49]
[49, 69]
[69, 71]
[71, 8]
[8, 17]
[17, 21]
[21, 22]
[23, 74]
[74, 15]
[15, 22]
[22, 23]
[24, 69]
[69, 13]
[13, 22]
[22, 24]
[25, 61]
[61, 4]
[4, 21]
[21, 24]
[24, 25]
[26, 52]
[52, 22]
[22, 25]
[25, 26]
[27, 79]