Topology = ring
Number of nodes = 80
Optimal number of ADMs = 55
55 Lightpaths:
[0, 18]
[18, 46]
[46, 56]
[56, 65]
[65, 73]
[73, 0]
[1, 77]
[77, 0]
[0, 1]
[2, 54]
[54, 71]
[71, 77]
[77, 79]
[79, 1]
[1, 2]
[3, 79]
[79, 3]
[4, 31]
[31, 73]
[73, 1]
[1, 3]
[3, 4]
[5, 70]
[70, 75]
[75, 4]
[4, 5]
[6, 66]
[66, 76]
[76, 77]
[77, 1]
[1, 6]
[7, 18]
[18, 32]
[32, 49]
[49, 7]
[8, 41]
[41, 55]
[55, 78]
[78, 0]
[0, 2]
[2, 4]
[4, 7]
[7, 8]
[9, 44]
[44, 71]
[71, 78]
[78, 4]
[4, 6]
[6, 7]
[7, 9]
[10, 25]
[25, 54]
[54, 78]
[78, 6]
[6, 10]