Topology = ring
Number of nodes = 50
Optimal number of ADMs = 97
95 Lightpaths:
[0, 48]
[48, 49]
[49, 0]
[1, 33]
[33, 1]
[2, 18]
[18, 40]
[40, 2]
[3, 1]
[1, 2]
[2, 3]
[4, 17]
[17, 21]
[21, 38]
[38, 44]
[44, 3]
[3, 4]
[5, 21]
[21, 27]
[27, 37]
[37, 1]
[1, 5]
[6, 42]
[42, 1]
[1, 6]
[7, 11]
[11, 2]
[2, 7]
[8, 29]
[29, 45]
[45, 48]
[48, 0]
[0, 2]
[2, 5]
[5, 7]
[7, 8]
[9, 30]
[30, 6]
[6, 9]
[10, 6]
[6, 10]
[11, 3]
[3, 6]
[6, 11]
[12, 46]
[46, 3]
[3, 8]
[8, 9]
[9, 12]
[13, 6]
[6, 7]
[7, 12]
[12, 13]
[14, 8]
[8, 10]
[10, 13]
[13, 14]
[15, 32]
[32, 44]
[44, 5]
[5, 10]
[10, 14]
[14, 15]
[16, 36]
[36, 4]
[4, 11]
[11, 14]
[14, 16]
[17, 34]
[34, 14]
[18, 43]
[43, 16]
[16, 18]
[19, 10]
[10, 19]
[20, 29]
[29, 9]
[9, 14]
[14, 20]
[21, 44]
[44, 4]
[4, 12]
[12, 16]
[16, 20]
[20, 21]
[22, 48]
[48, 22]
[23, 15]
[15, 21]
[21, 23]
[24, 45]
[45, 22]
[22, 23]
[23, 24]
[25, 18]