Topology = ring
Number of nodes = 40
Optimal number of ADMs = 82
80 Lightpaths:
[0, 9]
[9, 34]
[34, 39]
[39, 0]
[1, 2]
[2, 37]
[37, 38]
[38, 0]
[0, 1]
[2, 39]
[39, 2]
[3, 36]
[36, 1]
[1, 3]
[4, 1]
[1, 4]
[5, 14]
[14, 31]
[31, 5]
[6, 24]
[24, 31]
[31, 3]
[3, 5]
[5, 6]
[7, 36]
[36, 37]
[37, 4]
[4, 5]
[5, 7]
[8, 1]
[1, 5]
[9, 28]
[28, 6]
[6, 7]
[7, 9]
[10, 31]
[31, 33]
[33, 3]
[3, 8]
[8, 9]
[9, 10]
[11, 22]
[22, 0]
[0, 5]
[5, 10]
[10, 11]
[12, 28]
[28, 11]
[11, 12]
[13, 23]
[23, 34]
[34, 36]
[36, 10]
[10, 13]
[14, 39]
[39, 1]
[1, 12]
[12, 14]
[15, 1]
[1, 6]
[6, 11]
[11, 13]
[13, 15]
[16, 33]
[33, 8]
[8, 10]
[10, 14]
[14, 15]
[15, 16]
[17, 6]
[6, 9]
[9, 13]
[13, 14]
[14, 16]
[16, 17]
[18, 38]
[38, 14]
[14, 18]
[19, 15]
[15, 17]