Topology = ring
Number of nodes = 90
Optimal number of ADMs = 116
115 Lightpaths:
[0, 11]
[11, 41]
[41, 85]
[85, 88]
[88, 0]
[1, 20]
[20, 25]
[25, 55]
[55, 0]
[0, 1]
[2, 42]
[42, 84]
[84, 89]
[89, 1]
[1, 2]
[3, 34]
[34, 59]
[59, 77]
[77, 78]
[78, 87]
[87, 0]
[0, 2]
[2, 3]
[4, 48]
[48, 78]
[78, 2]
[2, 4]
[5, 13]
[13, 85]
[85, 5]
[6, 85]
[85, 6]
[7, 85]
[85, 87]
[87, 88]
[88, 89]
[89, 4]
[4, 7]
[8, 87]
[87, 1]
[1, 6]
[6, 7]
[7, 8]
[9, 74]
[74, 75]
[75, 83]
[83, 0]
[0, 8]
[8, 9]
[10, 4]
[4, 8]
[8, 10]
[11, 4]
[4, 11]
[12, 47]
[47, 4]
[4, 9]
[9, 12]
[13, 30]
[30, 62]
[62, 79]
[79, 80]
[80, 3]
[3, 8]
[8, 13]
[14, 56]
[56, 86]
[86, 3]
[3, 14]
[15, 71]
[71, 72]
[72, 84]
[84, 86]
[86, 7]
[7, 12]
[12, 14]
[14, 15]
[16, 52]
[52, 7]
[7, 16]
[17, 30]
[30, 14]
[14, 17]
[18, 70]
[70, 0]
[0, 15]
[15, 18]
[19, 37]
[37, 87]
[87, 14]
[14, 18]
[18, 19]
[20, 76]
[76, 84]
[84, 15]
[15, 20]
[21, 35]
[35, 87]
[87, 5]
[5, 15]
[15, 16]
[16, 20]
[20, 21]
[22, 81]
[81, 7]
[7, 9]
[9, 16]
[16, 22]
[23, 86]
[86, 16]
[16, 17]
[17, 22]
[22, 23]
[24, 0]
[0, 3]