Topology = ring
Number of nodes = 80
Optimal number of ADMs = 61
60 Lightpaths:
[0, 18]
[18, 70]
[70, 73]
[73, 78]
[78, 79]
[79, 0]
[1, 74]
[74, 1]
[2, 41]
[41, 44]
[44, 0]
[0, 1]
[1, 2]
[3, 45]
[45, 48]
[48, 60]
[60, 78]
[78, 2]
[2, 3]
[4, 64]
[64, 77]
[77, 78]
[78, 0]
[0, 4]
[5, 11]
[11, 24]
[24, 64]
[64, 0]
[0, 5]
[6, 1]
[1, 6]
[7, 30]
[30, 40]
[40, 60]
[60, 68]
[68, 70]
[70, 74]
[74, 79]
[79, 3]
[3, 4]
[4, 5]
[5, 6]
[6, 7]
[8, 51]
[51, 66]
[66, 5]
[5, 7]
[7, 8]
[9, 6]
[6, 8]
[8, 9]
[10, 74]
[74, 7]
[7, 9]
[9, 10]
[11, 68]
[68, 7]
[7, 10]
[10, 11]
[12, 73]