Topology = ring
Number of nodes = 90
Optimal number of ADMs = 147
145 Lightpaths:
[0, 37]
[37, 72]
[72, 81]
[81, 88]
[88, 89]
[89, 0]
[1, 49]
[49, 54]
[54, 80]
[80, 1]
[2, 24]
[24, 89]
[89, 1]
[1, 2]
[3, 69]
[69, 76]
[76, 78]
[78, 87]
[87, 88]
[88, 0]
[0, 2]
[2, 3]
[4, 78]
[78, 82]
[82, 86]
[86, 0]
[0, 4]
[5, 76]
[76, 88]
[88, 1]
[1, 3]
[3, 5]
[6, 14]
[14, 65]
[65, 89]
[89, 2]
[2, 4]
[4, 6]
[7, 61]
[61, 7]
[8, 20]
[20, 67]
[67, 75]
[75, 1]
[1, 5]
[5, 7]
[7, 8]
[9, 47]
[47, 58]
[58, 73]
[73, 6]
[6, 8]
[8, 9]
[10, 18]
[18, 78]
[78, 85]
[85, 6]
[6, 9]
[9, 10]
[11, 78]
[78, 10]
[10, 11]
[12, 88]
[88, 5]
[5, 12]
[13, 81]
[81, 10]
[10, 13]
[14, 49]
[49, 5]
[5, 6]
[6, 10]
[10, 12]
[12, 14]
[15, 78]
[78, 14]
[14, 15]
[16, 9]
[9, 15]
[15, 16]
[17, 80]
[80, 12]
[12, 16]
[16, 17]
[18, 79]
[79, 6]
[6, 11]
[11, 12]
[12, 18]
[19, 43]
[43, 19]
[20, 33]
[33, 86]
[86, 14]
[14, 19]
[19, 20]
[21, 76]
[76, 13]
[13, 14]
[14, 16]
[16, 20]
[20, 21]
[22, 26]
[26, 79]
[79, 14]
[14, 22]
[23, 88]
[88, 19]
[19, 23]
[24, 15]
[15, 18]
[18, 21]
[21, 22]
[22, 24]
[25, 70]
[70, 75]
[75, 15]
[15, 17]
[17, 24]
[24, 25]
[26, 20]
[20, 23]
[23, 24]
[24, 26]
[27, 38]
[38, 58]
[58, 69]
[69, 6]
[6, 16]
[16, 22]
[22, 25]
[25, 27]
[28, 56]
[56, 16]
[16, 21]
[21, 25]
[25, 26]
[26, 28]
[29, 24]
[24, 28]
[28, 29]
[30, 23]
[23, 28]
[31, 50]
[50, 77]