Topology = ring
Number of nodes = 80
Optimal number of ADMs = 112
110 Lightpaths:
[0, 62]
[62, 77]
[77, 78]
[78, 0]
[1, 72]
[72, 1]
[2, 52]
[52, 70]
[70, 0]
[0, 2]
[3, 76]
[76, 1]
[1, 2]
[2, 3]
[4, 14]
[14, 2]
[2, 4]
[5, 66]
[66, 2]
[2, 5]
[6, 22]
[22, 30]
[30, 65]
[65, 74]
[74, 79]
[79, 4]
[4, 6]
[7, 69]
[69, 71]
[71, 72]
[72, 3]
[3, 5]
[5, 7]
[8, 52]
[52, 67]
[67, 72]
[72, 5]
[5, 6]
[6, 8]
[9, 63]
[63, 75]
[75, 0]
[0, 5]
[5, 8]
[8, 9]
[10, 47]
[47, 69]
[69, 5]
[5, 9]
[9, 10]
[11, 27]
[27, 28]
[28, 0]
[0, 7]
[7, 10]
[10, 11]
[12, 27]
[27, 46]
[46, 9]
[9, 12]
[13, 55]
[55, 4]
[4, 10]
[10, 12]
[12, 13]
[14, 11]
[11, 13]
[13, 14]
[15, 16]
[16, 49]
[49, 63]
[63, 65]
[65, 76]
[76, 7]
[7, 14]
[14, 15]
[16, 34]
[34, 15]
[17, 40]
[40, 64]
[64, 72]
[72, 77]
[77, 13]
[13, 17]
[18, 62]
[62, 74]
[74, 4]
[4, 8]
[8, 10]
[10, 14]
[14, 17]
[17, 18]
[19, 55]
[55, 12]
[12, 17]
[17, 19]
[20, 13]
[13, 16]
[16, 17]
[17, 20]
[21, 0]
[0, 21]
[22, 77]
[77, 3]
[3, 19]
[19, 22]
[23, 13]
[13, 19]
[19, 20]
[20, 21]