Topology = ring
Number of nodes = 50
Optimal number of ADMs = 86
85 Lightpaths:
[0, 37]
[37, 44]
[44, 0]
[1, 39]
[39, 44]
[44, 46]
[46, 47]
[47, 1]
[2, 21]
[21, 35]
[35, 36]
[36, 0]
[0, 1]
[1, 2]
[3, 16]
[16, 42]
[42, 46]
[46, 49]
[49, 0]
[0, 3]
[4, 14]
[14, 41]
[41, 46]
[46, 2]
[2, 4]
[5, 11]
[11, 15]
[15, 45]
[45, 47]
[47, 48]
[48, 4]
[4, 5]
[6, 17]
[17, 0]
[0, 4]
[4, 6]
[7, 48]
[48, 2]
[2, 6]
[6, 7]
[8, 35]
[35, 46]
[46, 5]
[5, 7]
[7, 8]
[9, 48]
[48, 6]
[6, 9]
[10, 0]
[0, 7]
[7, 9]
[9, 10]
[11, 4]
[4, 11]
[12, 39]
[39, 3]
[3, 6]
[6, 11]
[11, 12]
[13, 3]
[3, 8]
[8, 9]
[9, 13]
[14, 4]
[4, 10]
[10, 12]
[12, 13]
[13, 14]
[15, 31]
[31, 44]
[44, 7]
[7, 12]
[12, 14]
[14, 15]
[16, 30]
[30, 8]
[8, 12]
[12, 15]
[15, 16]
[17, 21]
[21, 37]
[37, 11]
[11, 14]
[14, 17]
[18, 20]