Topology = ring
Number of nodes = 80
Optimal number of ADMs = 140
140 Lightpaths:
[0, 76]
[76, 79]
[79, 0]
[1, 42]
[42, 59]
[59, 73]
[73, 74]
[74, 76]
[76, 77]
[77, 1]
[2, 71]
[71, 72]
[72, 76]
[76, 0]
[0, 2]
[3, 15]
[15, 76]
[76, 78]
[78, 2]
[2, 3]
[4, 26]
[26, 38]
[38, 47]
[47, 67]
[67, 76]
[76, 2]
[2, 4]
[5, 34]
[34, 4]
[4, 5]
[6, 45]
[45, 69]
[69, 0]
[0, 1]
[1, 6]
[7, 79]
[79, 6]
[6, 7]
[8, 39]
[39, 52]
[52, 65]
[65, 7]
[7, 8]
[9, 23]
[23, 55]
[55, 5]
[5, 6]
[6, 8]
[8, 9]
[10, 27]
[27, 45]
[45, 66]
[66, 75]
[75, 6]
[6, 9]
[9, 10]
[11, 26]
[26, 52]
[52, 1]
[1, 7]
[7, 10]
[10, 11]
[12, 31]
[31, 64]
[64, 77]
[77, 5]
[5, 11]
[11, 12]
[13, 41]
[41, 42]
[42, 77]
[77, 2]
[2, 11]
[11, 13]
[14, 32]
[32, 55]
[55, 57]
[57, 9]
[9, 11]
[11, 14]
[15, 67]
[67, 2]
[2, 8]
[8, 11]
[11, 15]
[16, 69]
[69, 77]
[77, 16]
[17, 78]
[78, 10]
[10, 15]
[15, 16]
[16, 17]
[18, 66]
[66, 71]
[71, 2]
[2, 10]
[10, 13]
[13, 17]
[17, 18]
[19, 46]
[46, 64]
[64, 67]
[67, 69]
[69, 75]
[75, 4]
[4, 10]
[10, 16]
[16, 19]
[20, 11]
[11, 18]
[18, 19]
[19, 20]
[21, 57]
[57, 65]
[65, 8]
[8, 21]
[22, 38]
[38, 67]
[67, 18]
[18, 22]
[23, 46]
[46, 57]
[57, 58]
[58, 22]
[22, 23]
[24, 15]
[15, 24]
[25, 68]
[68, 3]
[3, 5]
[5, 23]
[23, 24]
[24, 25]
[26, 23]
[23, 26]
[27, 61]
[61, 10]
[10, 24]
[24, 27]