Topology = ring
Number of nodes = 40
Optimal number of ADMs = 75
75 Lightpaths:
[0, 25]
[25, 37]
[37, 0]
[1, 35]
[35, 39]
[39, 1]
[2, 4]
[4, 36]
[36, 38]
[38, 2]
[3, 32]
[32, 34]
[34, 36]
[36, 2]
[2, 3]
[4, 34]
[34, 1]
[1, 3]
[3, 4]
[5, 8]
[8, 16]
[16, 34]
[34, 37]
[37, 5]
[6, 8]
[8, 38]
[38, 4]
[4, 5]
[5, 6]
[7, 13]
[13, 34]
[34, 2]
[2, 6]
[6, 7]
[8, 37]
[37, 7]
[7, 8]
[9, 0]
[0, 3]
[3, 9]
[10, 19]
[19, 33]
[33, 6]
[6, 9]
[9, 10]
[11, 21]
[21, 35]
[35, 2]
[2, 11]
[12, 10]
[10, 11]
[11, 12]
[13, 2]
[2, 12]
[12, 13]
[14, 15]
[15, 38]
[38, 5]
[5, 10]
[10, 12]
[12, 14]
[15, 25]
[25, 28]
[28, 29]
[29, 2]
[2, 15]
[16, 37]
[37, 10]
[10, 14]
[14, 16]
[17, 37]
[37, 16]
[16, 17]
[18, 16]
[16, 18]