Topology = ring
Number of nodes = 70
Optimal number of ADMs = 139
135 Lightpaths:
[0, 44]
[44, 60]
[60, 65]
[65, 0]
[1, 14]
[14, 34]
[34, 59]
[59, 0]
[0, 1]
[2, 38]
[38, 48]
[48, 56]
[56, 67]
[67, 69]
[69, 2]
[3, 5]
[5, 0]
[0, 2]
[2, 3]
[4, 45]
[45, 48]
[48, 52]
[52, 60]
[60, 0]
[0, 3]
[3, 4]
[5, 42]
[42, 47]
[47, 1]
[1, 3]
[6, 30]
[30, 3]
[7, 68]
[68, 3]
[8, 48]
[48, 65]
[65, 8]
[9, 46]
[46, 6]
[6, 9]
[10, 14]
[14, 31]
[31, 8]
[8, 9]
[9, 10]
[11, 21]
[21, 59]
[59, 65]
[65, 2]
[2, 9]
[9, 11]
[12, 16]
[16, 23]
[23, 49]
[49, 69]
[69, 4]
[4, 7]
[7, 11]
[11, 12]
[13, 58]
[58, 60]
[60, 62]
[62, 69]
[69, 10]
[10, 12]
[12, 13]
[14, 35]
[35, 1]
[1, 11]
[11, 14]
[15, 20]
[20, 61]
[61, 4]
[4, 13]
[13, 15]
[16, 26]
[26, 5]
[5, 12]
[12, 15]
[15, 16]
[17, 3]
[3, 11]
[11, 15]
[15, 17]
[18, 30]
[30, 10]
[10, 17]
[17, 18]
[19, 25]
[25, 6]
[6, 17]
[17, 19]
[20, 49]
[49, 1]
[1, 13]
[13, 14]
[14, 15]
[15, 19]
[19, 20]
[21, 8]
[8, 20]
[20, 21]
[22, 14]
[14, 18]
[18, 19]
[19, 21]
[21, 22]
[23, 1]
[1, 19]
[24, 54]
[54, 55]
[55, 60]
[60, 12]
[12, 14]
[14, 20]
[20, 22]
[22, 23]
[23, 24]
[25, 42]
[42, 18]
[18, 22]
[22, 25]
[26, 69]
[69, 22]
[22, 26]
[27, 2]
[2, 4]
[4, 5]
[5, 20]
[20, 25]
[25, 27]
[28, 46]
[46, 15]
[15, 27]
[27, 28]