Topology = ring
Number of nodes = 50
Optimal number of ADMs = 62
60 Lightpaths:
[0, 27]
[27, 28]
[28, 41]
[41, 47]
[47, 0]
[1, 37]
[37, 0]
[0, 1]
[2, 17]
[17, 22]
[22, 1]
[1, 2]
[3, 48]
[48, 49]
[49, 0]
[0, 2]
[2, 3]
[4, 8]
[8, 3]
[3, 4]
[5, 15]
[15, 3]
[6, 42]
[42, 44]
[44, 45]
[45, 5]
[5, 6]
[7, 36]
[36, 39]
[39, 48]
[48, 0]
[0, 4]
[4, 5]
[5, 7]
[8, 9]
[9, 29]
[29, 7]
[7, 8]
[9, 16]
[16, 3]
[3, 6]
[6, 7]
[7, 9]
[10, 34]
[34, 6]
[6, 8]
[8, 10]
[11, 20]
[20, 25]
[25, 29]
[29, 33]
[33, 39]
[39, 6]
[6, 9]
[9, 10]
[10, 11]
[12, 28]
[28, 12]
[13, 14]
[14, 11]