Topology = ring
Number of nodes = 80
Optimal number of ADMs = 161
160 Lightpaths:
[0, 34]
[34, 41]
[41, 67]
[67, 75]
[75, 77]
[77, 78]
[78, 79]
[79, 0]
[1, 41]
[41, 42]
[42, 64]
[64, 78]
[78, 1]
[2, 5]
[5, 9]
[9, 72]
[72, 0]
[0, 2]
[3, 68]
[68, 3]
[4, 74]
[74, 2]
[2, 3]
[3, 4]
[5, 31]
[31, 77]
[77, 3]
[3, 5]
[6, 25]
[25, 62]
[62, 65]
[65, 69]
[69, 76]
[76, 78]
[78, 3]
[3, 6]
[7, 2]
[2, 6]
[6, 7]
[8, 34]
[34, 36]
[36, 42]
[42, 47]
[47, 70]
[70, 71]
[71, 5]
[5, 7]
[7, 8]
[9, 26]
[26, 8]
[8, 9]
[10, 42]
[42, 71]
[71, 2]
[2, 7]
[7, 9]
[9, 10]
[11, 9]
[9, 11]
[12, 0]
[0, 5]
[5, 11]
[11, 12]
[13, 38]
[38, 8]
[8, 11]
[11, 13]
[14, 48]
[48, 49]
[49, 64]
[64, 12]
[12, 13]
[13, 14]
[15, 44]
[44, 14]
[14, 15]
[16, 53]
[53, 65]
[65, 16]
[17, 60]
[60, 10]
[10, 11]
[11, 15]
[15, 17]
[18, 39]
[39, 72]
[72, 6]
[6, 8]
[8, 13]
[13, 17]
[17, 18]
[19, 30]
[30, 12]
[12, 18]
[18, 19]
[20, 35]
[35, 57]
[57, 7]
[7, 10]
[10, 12]
[12, 15]
[15, 18]
[18, 20]
[21, 25]
[25, 45]
[45, 12]
[12, 19]
[19, 21]
[22, 64]
[64, 3]
[3, 8]
[8, 15]
[15, 16]
[16, 19]
[19, 20]
[20, 22]
[23, 69]
[69, 19]
[19, 23]
[24, 1]
[1, 14]
[14, 24]
[25, 39]
[39, 50]
[50, 58]
[58, 78]
[78, 13]
[13, 19]
[19, 25]
[26, 62]
[62, 19]
[19, 26]
[27, 36]
[36, 7]
[7, 22]
[22, 25]
[25, 27]
[28, 50]
[50, 73]
[73, 6]
[6, 19]
[19, 28]
[29, 32]
[32, 7]
[7, 25]
[25, 29]
[30, 47]
[47, 62]
[62, 22]
[22, 30]
[31, 28]
[28, 30]
[30, 31]
[32, 79]
[79, 20]
[20, 28]
[28, 29]
[29, 30]
[30, 32]
[33, 9]