Topology = ring
Number of nodes = 90
Optimal number of ADMs = 131
130 Lightpaths:
[0, 4]
[4, 75]
[75, 76]
[76, 83]
[83, 85]
[85, 86]
[86, 0]
[1, 78]
[78, 79]
[79, 84]
[84, 87]
[87, 89]
[89, 1]
[2, 85]
[85, 89]
[89, 0]
[0, 1]
[1, 2]
[3, 21]
[21, 69]
[69, 87]
[87, 3]
[4, 76]
[76, 88]
[88, 1]
[1, 4]
[5, 82]
[82, 0]
[0, 5]
[6, 74]
[74, 5]
[5, 6]
[7, 77]
[77, 87]
[87, 88]
[88, 89]
[89, 2]
[2, 3]
[3, 5]
[5, 7]
[8, 22]
[22, 55]
[55, 89]
[89, 7]
[7, 8]
[9, 56]
[56, 86]
[86, 2]
[2, 4]
[4, 8]
[8, 9]
[10, 71]
[71, 7]
[7, 10]
[11, 84]
[84, 6]
[6, 10]
[10, 11]
[12, 10]
[13, 89]
[89, 12]
[12, 13]
[14, 33]
[33, 37]
[37, 14]
[15, 1]
[1, 6]
[6, 15]
[16, 38]
[38, 5]
[5, 10]
[10, 12]
[12, 16]
[17, 40]
[40, 89]
[89, 14]
[14, 16]
[16, 17]
[18, 32]
[32, 0]
[0, 14]
[14, 17]
[17, 18]
[19, 4]
[4, 6]
[6, 13]
[13, 17]
[17, 19]
[20, 11]
[11, 15]
[15, 16]
[16, 19]
[19, 20]
[21, 89]
[89, 13]
[13, 20]
[20, 21]
[22, 13]
[13, 21]
[21, 22]
[23, 84]
[84, 14]
[14, 18]
[18, 23]
[24, 10]
[10, 21]
[21, 24]
[25, 33]
[33, 16]
[16, 18]
[18, 20]
[20, 22]
[22, 25]
[26, 43]
[43, 70]
[70, 18]
[18, 21]
[21, 25]
[25, 26]
[27, 62]
[62, 7]
[7, 21]
[21, 23]
[23, 27]
[28, 40]
[40, 3]
[3, 11]
[11, 17]
[17, 27]
[27, 28]