Topology = ring
Number of nodes = 100
Optimal number of ADMs = 201
200 Lightpaths:
[0, 95]
[95, 96]
[96, 0]
[1, 2]
[2, 32]
[32, 37]
[37, 46]
[46, 81]
[81, 87]
[87, 94]
[94, 95]
[95, 0]
[0, 1]
[2, 70]
[70, 92]
[92, 0]
[0, 2]
[3, 5]
[5, 26]
[26, 29]
[29, 52]
[52, 82]
[82, 99]
[99, 2]
[2, 3]
[4, 63]
[63, 66]
[66, 68]
[68, 99]
[99, 3]
[3, 4]
[5, 63]
[63, 88]
[88, 97]
[97, 0]
[0, 4]
[4, 5]
[6, 44]
[44, 79]
[79, 89]
[89, 0]
[0, 5]
[5, 6]
[7, 9]
[9, 62]
[62, 80]
[80, 96]
[96, 3]
[3, 6]
[6, 7]
[8, 90]
[90, 97]
[97, 4]
[4, 8]
[9, 87]
[87, 7]
[7, 8]
[8, 9]
[10, 19]
[19, 70]
[70, 3]
[3, 9]
[9, 10]
[11, 91]
[91, 1]
[1, 7]
[7, 10]
[10, 11]
[12, 34]
[34, 63]
[63, 79]
[79, 1]
[1, 5]
[5, 11]
[11, 12]
[13, 24]
[24, 62]
[62, 73]
[73, 92]
[92, 7]
[7, 11]
[11, 13]
[14, 28]
[28, 50]
[50, 0]
[0, 7]
[7, 14]
[15, 0]
[0, 8]
[8, 15]
[16, 14]
[14, 16]
[17, 78]
[78, 91]
[91, 92]
[92, 9]
[9, 14]
[14, 17]
[18, 11]
[11, 17]
[17, 18]
[19, 96]
[96, 18]
[18, 19]
[20, 39]
[39, 85]
[85, 94]
[94, 8]
[8, 11]
[11, 19]
[19, 20]
[21, 41]
[41, 92]
[92, 4]
[4, 12]
[12, 18]
[18, 20]
[20, 21]
[22, 83]
[83, 19]
[19, 21]
[21, 22]
[23, 52]
[52, 84]
[84, 13]
[13, 22]
[22, 23]
[24, 26]
[26, 15]
[15, 18]
[18, 23]
[23, 24]
[25, 42]
[42, 81]
[81, 14]
[14, 23]
[23, 25]
[26, 8]
[8, 25]
[25, 26]
[27, 80]
[80, 18]
[18, 22]
[22, 27]
[28, 16]
[16, 19]
[19, 24]
[24, 27]
[27, 28]
[29, 51]
[51, 71]
[71, 16]
[16, 20]
[20, 24]
[24, 29]
[30, 79]
[79, 92]
[92, 2]
[2, 25]
[25, 29]
[29, 30]
[31, 42]
[42, 28]
[28, 30]
[30, 31]
[32, 52]
[52, 66]
[66, 2]
[2, 19]
[19, 23]
[23, 27]
[27, 32]
[33, 28]
[28, 32]
[32, 33]
[34, 45]
[45, 14]
[14, 25]
[25, 33]
[33, 34]
[35, 94]
[94, 29]
[29, 34]
[34, 35]
[36, 16]
[16, 34]
[34, 36]
[37, 66]
[66, 78]
[78, 2]
[2, 33]
[33, 36]
[36, 37]
[38, 8]
[8, 26]
[26, 30]
[30, 34]
[34, 38]
[39, 47]
[47, 93]