Topology = ring
Number of nodes = 100
Optimal number of ADMs = 60
60 Lightpaths:
[0, 73]
[73, 85]
[85, 96]
[96, 0]
[1, 6]
[6, 96]
[96, 98]
[98, 0]
[0, 1]
[2, 84]
[84, 96]
[96, 99]
[99, 0]
[0, 2]
[3, 79]
[79, 2]
[2, 3]
[4, 11]
[11, 80]
[80, 1]
[1, 3]
[3, 4]
[5, 4]
[4, 5]
[6, 23]
[23, 26]
[26, 94]
[94, 97]
[97, 5]
[5, 6]
[7, 90]
[90, 6]
[6, 7]
[8, 67]
[67, 6]
[6, 8]
[9, 82]
[82, 95]
[95, 96]
[96, 97]
[97, 3]
[3, 8]
[8, 9]
[10, 27]
[27, 9]
[9, 10]
[11, 51]
[51, 69]
[69, 0]
[0, 10]
[10, 11]
[12, 15]
[15, 55]
[55, 3]
[3, 9]
[9, 12]
[13, 20]
[20, 96]
[96, 6]
[6, 13]