Topology = ring
Number of nodes = 100
Optimal number of ADMs = 196
195 Lightpaths:
[0, 34]
[34, 76]
[76, 83]
[83, 88]
[88, 89]
[89, 93]
[93, 99]
[99, 0]
[1, 25]
[25, 30]
[30, 88]
[88, 99]
[99, 1]
[2, 62]
[62, 73]
[73, 76]
[76, 0]
[0, 1]
[1, 2]
[3, 5]
[5, 46]
[46, 81]
[81, 2]
[2, 3]
[4, 42]
[42, 54]
[54, 77]
[77, 85]
[85, 0]
[0, 2]
[2, 4]
[5, 52]
[52, 65]
[65, 75]
[75, 93]
[93, 1]
[1, 5]
[6, 27]
[27, 87]
[87, 99]
[99, 4]
[4, 5]
[5, 6]
[7, 29]
[29, 94]
[94, 2]
[2, 5]
[5, 7]
[8, 13]
[13, 97]
[97, 8]
[9, 24]
[24, 56]
[56, 96]
[96, 98]
[98, 2]
[2, 8]
[8, 9]
[10, 60]
[60, 72]
[72, 87]
[87, 94]
[94, 95]
[95, 0]
[0, 6]
[6, 7]
[7, 10]
[11, 15]
[15, 29]
[29, 34]
[34, 67]
[67, 11]
[12, 43]
[43, 45]
[45, 3]
[3, 8]
[8, 10]
[10, 11]
[11, 12]
[13, 21]
[21, 37]
[37, 87]
[87, 7]
[7, 12]
[12, 13]
[14, 72]
[72, 93]
[93, 11]
[11, 14]
[15, 13]
[13, 14]
[14, 15]
[16, 33]
[33, 88]
[88, 5]
[5, 13]
[13, 16]
[17, 56]
[56, 6]
[6, 11]
[11, 17]
[18, 59]
[59, 76]
[76, 87]
[87, 13]
[13, 15]
[15, 17]
[17, 18]
[19, 37]
[37, 78]
[78, 14]
[14, 17]
[17, 19]
[20, 23]
[23, 38]
[38, 64]
[64, 16]
[16, 19]
[19, 20]
[21, 50]
[50, 13]
[13, 17]
[17, 21]
[22, 93]
[93, 16]
[16, 22]
[23, 85]
[85, 23]
[24, 62]
[62, 19]
[19, 23]
[23, 24]
[25, 91]
[91, 94]
[94, 15]
[15, 25]
[26, 99]
[99, 3]
[3, 16]
[16, 17]
[17, 24]
[24, 25]
[25, 26]
[27, 59]
[59, 26]
[26, 27]
[28, 87]
[87, 11]
[11, 26]
[26, 28]
[29, 71]
[71, 24]
[24, 29]
[30, 59]
[59, 79]
[79, 15]
[15, 20]
[20, 26]
[26, 29]
[29, 30]
[31, 48]
[48, 21]
[21, 31]
[32, 14]
[14, 32]
[33, 63]
[63, 5]
[5, 19]
[19, 31]
[31, 32]
[32, 33]
[34, 66]
[66, 72]
[72, 24]
[24, 26]
[26, 31]
[31, 34]
[35, 58]
[58, 60]
[60, 30]
[30, 31]
[31, 35]
[36, 88]
[88, 6]
[6, 31]
[31, 33]
[33, 36]
[37, 64]
[64, 65]
[65, 1]
[1, 16]
[16, 24]
[24, 37]
[38, 98]
[98, 9]