Topology = ring
Number of nodes = 100
Optimal number of ADMs = 136
135 Lightpaths:
[0, 84]
[84, 85]
[85, 91]
[91, 94]
[94, 96]
[96, 97]
[97, 0]
[1, 22]
[22, 76]
[76, 84]
[84, 89]
[89, 0]
[0, 1]
[2, 39]
[39, 42]
[42, 96]
[96, 98]
[98, 0]
[0, 2]
[3, 77]
[77, 3]
[4, 39]
[39, 58]
[58, 81]
[81, 1]
[1, 3]
[3, 4]
[5, 73]
[73, 90]
[90, 91]
[91, 99]
[99, 2]
[2, 5]
[6, 12]
[12, 29]
[29, 89]
[89, 95]
[95, 3]
[3, 6]
[7, 63]
[63, 76]
[76, 87]
[87, 5]
[5, 7]
[8, 0]
[0, 6]
[6, 7]
[7, 8]
[9, 82]
[82, 6]
[6, 8]
[8, 9]
[10, 20]
[20, 9]
[9, 10]
[11, 97]
[97, 10]
[10, 11]
[12, 22]
[22, 37]
[37, 86]
[86, 90]
[90, 92]
[92, 94]
[94, 2]
[2, 10]
[10, 12]
[13, 26]
[26, 31]
[31, 96]
[96, 99]
[99, 5]
[5, 8]
[8, 10]
[10, 13]
[14, 23]
[23, 4]
[4, 14]
[15, 36]
[36, 56]
[56, 90]
[90, 2]
[2, 13]
[13, 15]
[16, 96]
[96, 3]
[3, 15]
[15, 16]
[17, 77]
[77, 88]
[88, 90]
[90, 14]
[14, 16]
[16, 17]
[18, 9]
[9, 14]
[14, 17]
[17, 18]
[19, 99]
[99, 6]
[6, 19]
[20, 48]
[48, 60]
[60, 97]
[97, 15]
[15, 18]
[18, 20]
[21, 54]
[54, 83]
[83, 2]
[2, 20]
[20, 21]
[22, 35]
[35, 61]
[61, 82]
[82, 15]
[15, 17]
[17, 19]
[19, 20]
[20, 22]
[23, 89]
[89, 13]
[13, 23]
[24, 31]
[31, 76]
[76, 23]
[23, 24]
[25, 46]
[46, 96]
[96, 8]
[8, 24]
[24, 25]
[26, 37]
[37, 1]
[1, 14]