Topology = ring
Number of nodes = 70
Optimal number of ADMs = 87
85 Lightpaths:
[0, 40]
[40, 50]
[50, 63]
[63, 69]
[69, 0]
[1, 4]
[4, 45]
[45, 50]
[50, 55]
[55, 59]
[59, 64]
[64, 65]
[65, 68]
[68, 69]
[69, 1]
[2, 16]
[16, 17]
[17, 53]
[53, 69]
[3, 67]
[67, 0]
[0, 1]
[1, 3]
[4, 13]
[13, 19]
[19, 31]
[31, 62]
[62, 3]
[3, 4]
[5, 50]
[50, 68]
[68, 4]
[4, 5]
[6, 39]
[39, 40]
[40, 64]
[64, 68]
[68, 1]
[1, 5]
[5, 6]
[7, 52]
[52, 4]
[4, 7]
[8, 62]
[62, 65]
[65, 8]
[9, 63]
[63, 64]
[64, 2]
[2, 3]
[3, 8]
[8, 9]
[10, 67]
[67, 8]
[8, 10]
[11, 19]
[19, 28]
[28, 30]
[30, 40]
[40, 6]
[6, 9]
[9, 10]
[10, 11]
[12, 25]
[25, 58]
[58, 8]
[8, 11]
[11, 12]
[13, 36]
[36, 42]
[42, 12]
[12, 13]
[14, 57]
[57, 66]
[66, 67]
[67, 14]
[15, 40]
[40, 45]
[45, 0]
[0, 3]
[3, 15]
[16, 65]
[65, 10]
[10, 13]
[13, 14]