Topology = ring
Number of nodes = 90
Optimal number of ADMs = 171
170 Lightpaths:
[0, 49]
[49, 53]
[53, 58]
[58, 69]
[69, 70]
[70, 75]
[75, 89]
[89, 0]
[1, 73]
[73, 81]
[81, 89]
[89, 1]
[2, 70]
[70, 78]
[78, 88]
[88, 2]
[3, 16]
[16, 69]
[69, 78]
[78, 1]
[1, 2]
[2, 3]
[4, 18]
[18, 20]
[20, 43]
[43, 66]
[66, 74]
[74, 83]
[83, 84]
[84, 88]
[88, 0]
[0, 1]
[1, 3]
[3, 4]
[5, 83]
[83, 3]
[3, 5]
[6, 39]
[39, 82]
[82, 87]
[87, 2]
[2, 4]
[4, 5]
[5, 6]
[7, 43]
[43, 50]
[50, 5]
[5, 7]
[8, 58]
[58, 64]
[64, 74]
[74, 77]
[77, 83]
[83, 2]
[2, 7]
[7, 8]
[9, 86]
[86, 0]
[0, 9]
[10, 75]
[75, 83]
[83, 0]
[0, 7]
[7, 10]
[11, 45]
[45, 77]
[77, 8]
[8, 10]
[10, 11]
[12, 31]
[31, 72]
[72, 0]
[0, 4]
[4, 11]
[11, 12]
[13, 58]
[58, 5]
[5, 11]
[11, 13]
[14, 36]
[36, 7]
[7, 12]
[12, 13]
[13, 14]
[15, 68]
[68, 2]
[2, 5]
[5, 15]
[16, 44]
[44, 87]
[87, 88]
[88, 12]
[12, 15]
[15, 16]
[17, 15]
[15, 17]
[18, 43]
[43, 75]
[75, 14]
[14, 18]
[19, 44]
[44, 67]
[67, 80]
[80, 6]
[6, 11]
[11, 18]
[18, 19]
[20, 46]
[46, 58]
[58, 9]
[9, 19]
[19, 20]
[21, 68]
[68, 1]
[1, 10]
[10, 21]
[22, 8]
[8, 14]
[14, 19]
[19, 21]
[21, 22]
[23, 45]
[45, 10]
[10, 20]
[20, 21]
[21, 23]
[24, 32]
[32, 78]
[78, 10]
[10, 22]
[22, 23]
[23, 24]
[25, 43]
[43, 89]
[89, 15]
[15, 20]
[20, 25]
[26, 29]
[29, 0]
[0, 25]
[25, 26]
[27, 63]
[63, 15]
[15, 25]
[25, 27]
[28, 6]
[6, 22]
[22, 24]
[24, 28]
[29, 33]
[33, 55]
[55, 70]
[70, 29]
[30, 71]
[71, 28]
[28, 29]
[29, 30]
[31, 23]
[23, 25]
[25, 28]
[28, 31]
[32, 10]
[10, 28]
[28, 32]
[33, 78]
[78, 18]
[18, 22]
[22, 25]
[25, 29]
[29, 31]