Topology = ring
Number of nodes = 80
Optimal number of ADMs = 116
115 Lightpaths:
[0, 8]
[8, 39]
[39, 74]
[74, 76]
[76, 78]
[78, 0]
[1, 32]
[32, 39]
[39, 76]
[76, 1]
[2, 44]
[44, 62]
[62, 75]
[75, 78]
[78, 79]
[79, 0]
[0, 2]
[3, 0]
[0, 1]
[1, 3]
[4, 1]
[1, 2]
[2, 3]
[3, 4]
[5, 66]
[66, 74]
[74, 2]
[2, 4]
[4, 5]
[6, 35]
[35, 54]
[54, 55]
[55, 71]
[71, 72]
[72, 2]
[2, 6]
[7, 50]
[50, 69]
[69, 70]
[70, 79]
[79, 1]
[1, 7]
[8, 43]
[43, 55]
[55, 56]
[56, 0]
[0, 5]
[5, 6]
[6, 8]
[9, 27]
[27, 77]
[77, 9]
[10, 65]
[65, 10]
[11, 13]
[13, 14]
[14, 41]
[41, 71]
[71, 79]
[79, 4]
[4, 9]
[9, 11]
[12, 9]
[9, 12]
[13, 42]
[42, 61]
[61, 1]
[1, 10]
[10, 11]
[11, 12]
[12, 13]
[14, 59]
[59, 11]
[11, 14]
[15, 7]
[7, 10]
[10, 12]
[12, 15]
[16, 65]
[65, 0]
[0, 13]
[13, 15]
[15, 16]
[17, 6]
[6, 13]
[13, 16]
[16, 17]
[18, 56]
[56, 5]
[5, 10]
[10, 14]
[14, 18]
[19, 54]
[54, 74]
[74, 12]
[12, 18]
[18, 19]
[20, 35]
[35, 69]
[69, 6]
[6, 15]
[15, 17]
[17, 20]
[21, 45]
[45, 52]
[52, 54]
[54, 61]
[61, 63]
[63, 7]
[7, 9]
[9, 17]
[17, 18]
[18, 21]
[22, 34]
[34, 47]