Topology = ring
Number of nodes = 90
Optimal number of ADMs = 121
120 Lightpaths:
[0, 20]
[20, 0]
[1, 33]
[33, 77]
[77, 84]
[84, 88]
[88, 0]
[0, 1]
[2, 5]
[5, 12]
[12, 47]
[47, 76]
[76, 78]
[78, 89]
[89, 2]
[3, 31]
[31, 52]
[52, 2]
[2, 3]
[4, 80]
[80, 85]
[85, 87]
[87, 89]
[89, 1]
[1, 2]
[2, 4]
[5, 13]
[13, 16]
[16, 54]
[54, 57]
[57, 2]
[6, 24]
[24, 45]
[45, 72]
[72, 2]
[2, 6]
[7, 77]
[77, 5]
[5, 7]
[8, 5]
[5, 6]
[6, 8]
[9, 83]
[83, 4]
[4, 7]
[7, 9]
[10, 8]
[8, 9]
[9, 10]
[11, 18]
[18, 39]
[39, 9]
[9, 11]
[12, 32]
[32, 7]
[7, 11]
[11, 12]
[13, 67]
[67, 80]
[80, 7]
[7, 13]
[14, 38]
[38, 73]
[73, 7]
[7, 12]
[12, 13]
[13, 14]
[15, 4]
[4, 11]
[11, 13]
[13, 15]
[16, 27]
[27, 44]
[44, 15]
[15, 16]
[17, 49]
[49, 75]
[75, 8]
[8, 13]
[13, 17]
[18, 87]
[87, 16]
[16, 18]
[19, 18]
[18, 19]
[20, 17]
[17, 20]
[21, 24]
[24, 53]
[53, 10]
[10, 15]
[15, 19]
[19, 20]
[20, 21]
[22, 6]
[6, 22]
[23, 71]
[71, 75]
[75, 84]
[84, 11]
[11, 16]
[16, 21]
[21, 22]
[22, 23]
[24, 57]
[57, 5]
[5, 22]
[22, 24]
[25, 44]
[44, 55]
[55, 81]
[81, 8]
[8, 16]
[16, 19]
[19, 22]
[22, 25]
[26, 8]
[8, 20]
[20, 25]
[25, 26]