Topology = ring
Number of nodes = 50
Optimal number of ADMs = 76
75 Lightpaths:
[0, 32]
[32, 43]
[43, 47]
[47, 48]
[48, 49]
[49, 0]
[1, 38]
[38, 40]
[40, 49]
[49, 1]
[2, 9]
[9, 37]
[37, 39]
[39, 2]
[3, 30]
[30, 41]
[41, 46]
[46, 0]
[0, 2]
[2, 3]
[4, 39]
[39, 48]
[48, 3]
[3, 4]
[5, 8]
[8, 4]
[4, 5]
[6, 12]
[12, 6]
[7, 37]
[37, 0]
[0, 6]
[6, 7]
[8, 46]
[46, 4]
[4, 7]
[7, 8]
[9, 6]
[6, 9]
[10, 7]
[7, 10]
[11, 16]
[16, 11]
[12, 36]
[36, 47]
[47, 49]
[49, 4]
[4, 10]
[10, 11]
[11, 12]
[13, 42]
[42, 13]
[14, 36]
[36, 2]
[2, 13]
[13, 14]
[15, 46]
[46, 2]
[2, 6]
[6, 11]
[11, 15]
[16, 39]
[39, 49]
[49, 11]
[11, 14]
[14, 16]
[17, 14]
[14, 15]
[15, 16]
[16, 17]
[18, 1]
[1, 14]
[14, 17]
[17, 18]
[19, 7]