Topology = ring
Number of nodes = 100
Optimal number of ADMs = 107
105 Lightpaths:
[0, 46]
[46, 53]
[53, 88]
[88, 95]
[95, 96]
[96, 97]
[97, 0]
[1, 25]
[25, 49]
[49, 51]
[51, 74]
[74, 88]
[88, 1]
[2, 65]
[65, 94]
[94, 99]
[99, 1]
[1, 2]
[3, 65]
[65, 75]
[75, 90]
[90, 1]
[1, 3]
[4, 21]
[21, 67]
[67, 75]
[75, 94]
[94, 97]
[97, 4]
[5, 60]
[60, 71]
[71, 3]
[3, 4]
[4, 5]
[6, 28]
[28, 91]
[91, 93]
[93, 5]
[5, 6]
[7, 97]
[97, 99]
[99, 3]
[3, 6]
[6, 7]
[8, 41]
[41, 96]
[96, 2]
[2, 4]
[4, 6]
[6, 8]
[9, 58]
[58, 64]
[64, 80]
[80, 88]
[88, 2]
[2, 6]
[10, 2]
[2, 5]
[5, 9]
[9, 10]
[11, 96]
[96, 5]
[5, 10]
[10, 11]
[12, 42]
[42, 10]
[10, 12]
[13, 69]
[69, 70]
[70, 87]
[87, 10]
[10, 13]
[14, 28]
[28, 41]
[41, 87]
[87, 1]
[1, 13]
[13, 14]
[15, 55]
[55, 0]
[0, 7]
[7, 11]
[11, 12]
[12, 15]
[16, 2]
[2, 13]
[13, 15]
[15, 16]
[17, 64]
[64, 79]
[79, 92]
[92, 10]
[10, 17]
[18, 12]
[12, 18]
[19, 55]
[55, 64]
[64, 85]
[85, 91]
[91, 3]
[3, 11]
[11, 19]
[20, 3]
[3, 15]
[15, 19]