Topology = ring
Number of nodes = 70
Optimal number of ADMs = 131
130 Lightpaths:
[0, 1]
[1, 6]
[6, 14]
[14, 21]
[21, 46]
[46, 48]
[48, 62]
[62, 68]
[68, 0]
[1, 54]
[54, 68]
[68, 69]
[69, 0]
[2, 12]
[12, 1]
[1, 2]
[3, 31]
[31, 57]
[57, 66]
[66, 0]
[0, 2]
[2, 3]
[4, 0]
[0, 4]
[5, 51]
[51, 65]
[65, 69]
[69, 2]
[2, 5]
[6, 39]
[39, 68]
[68, 1]
[1, 5]
[5, 6]
[7, 59]
[59, 68]
[68, 3]
[3, 4]
[4, 6]
[6, 7]
[8, 26]
[26, 34]
[34, 36]
[36, 53]
[53, 0]
[0, 5]
[5, 8]
[9, 19]
[19, 53]
[53, 8]
[8, 9]
[10, 25]
[25, 37]
[37, 7]
[7, 9]
[9, 10]
[11, 18]
[18, 68]
[68, 9]
[9, 11]
[12, 2]
[2, 10]
[10, 12]
[13, 63]
[63, 7]
[7, 8]
[8, 13]
[14, 61]
[61, 2]
[2, 4]
[4, 9]
[9, 14]
[15, 10]
[10, 15]
[16, 35]
[35, 54]
[54, 4]
[4, 7]
[7, 10]
[10, 14]
[14, 16]
[17, 68]
[68, 4]
[4, 13]
[13, 14]
[14, 17]
[18, 60]
[60, 7]
[7, 14]
[14, 15]
[15, 18]
[19, 9]
[9, 16]
[16, 18]
[18, 19]
[20, 14]
[14, 19]
[19, 20]
[21, 55]
[55, 11]
[11, 13]
[13, 16]
[16, 17]
[17, 21]
[22, 13]
[13, 15]
[15, 16]
[16, 22]
[23, 52]
[52, 69]
[69, 16]
[16, 23]
[24, 52]
[52, 61]
[61, 17]
[17, 23]
[23, 24]
[25, 61]
[61, 67]
[67, 25]
[26, 25]
[25, 26]
[27, 66]
[66, 25]
[25, 27]
[28, 62]
[62, 69]
[69, 17]
[17, 18]
[18, 28]