Topology = ring
Number of nodes = 100
Optimal number of ADMs = 175
175 Lightpaths:
[0, 59]
[59, 86]
[86, 98]
[98, 99]
[99, 0]
[1, 10]
[10, 35]
[35, 88]
[88, 91]
[91, 0]
[0, 1]
[2, 38]
[38, 58]
[58, 61]
[61, 69]
[69, 75]
[75, 77]
[77, 89]
[89, 92]
[92, 96]
[96, 97]
[97, 1]
[1, 2]
[3, 83]
[83, 96]
[96, 0]
[0, 2]
[2, 3]
[4, 45]
[45, 84]
[84, 94]
[94, 97]
[97, 4]
[5, 73]
[73, 77]
[77, 97]
[97, 0]
[0, 4]
[4, 5]
[6, 78]
[78, 79]
[79, 88]
[88, 93]
[93, 2]
[2, 6]
[7, 44]
[44, 91]
[91, 7]
[8, 89]
[89, 6]
[6, 8]
[9, 25]
[25, 45]
[45, 57]
[57, 1]
[1, 9]
[10, 88]
[88, 97]
[97, 9]
[9, 10]
[11, 26]
[26, 84]
[84, 85]
[85, 89]
[89, 96]
[96, 8]
[8, 11]
[12, 39]
[39, 69]
[69, 98]
[98, 11]
[11, 12]
[13, 57]
[57, 5]
[5, 10]
[10, 11]
[11, 13]
[14, 27]
[27, 57]
[57, 60]
[60, 75]
[75, 12]
[12, 14]
[15, 64]
[64, 93]
[93, 13]
[13, 14]
[14, 15]
[16, 38]
[38, 61]
[61, 5]
[5, 6]
[6, 16]
[17, 13]
[13, 16]
[16, 17]
[18, 49]
[49, 69]
[69, 87]
[87, 96]
[96, 17]
[17, 18]
[19, 51]
[51, 87]
[87, 0]
[0, 8]
[8, 19]
[20, 79]
[79, 15]
[15, 17]
[17, 19]
[19, 20]
[21, 89]
[89, 98]
[98, 8]
[8, 16]
[16, 20]
[20, 21]
[22, 59]
[59, 94]
[94, 10]
[10, 13]
[13, 20]
[20, 22]
[23, 98]
[98, 21]
[21, 23]
[24, 91]
[91, 24]
[25, 4]
[4, 16]
[16, 21]
[21, 24]
[24, 25]
[26, 53]
[53, 15]
[15, 26]
[27, 71]
[71, 24]
[24, 26]
[26, 27]
[28, 16]
[16, 26]
[26, 28]
[29, 30]
[30, 88]
[88, 6]
[6, 14]
[14, 22]
[22, 24]
[24, 29]
[30, 3]
[3, 16]
[16, 18]
[18, 30]
[31, 64]
[64, 74]
[74, 4]
[4, 26]
[26, 30]
[30, 31]
[32, 68]
[68, 27]
[27, 31]
[31, 32]
[33, 58]
[58, 70]
[70, 23]
[23, 27]
[27, 32]
[32, 33]
[34, 71]
[71, 31]
[31, 33]
[33, 34]