Topology = ring
Number of nodes = 70
Optimal number of ADMs = 96
95 Lightpaths:
[0, 40]
[40, 0]
[1, 31]
[31, 69]
[69, 1]
[2, 32]
[32, 68]
[68, 2]
[3, 6]
[6, 50]
[50, 69]
[69, 2]
[2, 3]
[4, 54]
[54, 65]
[65, 66]
[66, 67]
[67, 69]
[69, 3]
[3, 4]
[5, 59]
[59, 60]
[60, 0]
[0, 4]
[4, 5]
[6, 66]
[66, 1]
[1, 4]
[4, 6]
[7, 23]
[23, 49]
[49, 3]
[3, 7]
[8, 43]
[43, 55]
[55, 64]
[64, 6]
[6, 8]
[9, 7]
[7, 8]
[8, 9]
[10, 29]
[29, 42]
[42, 8]
[8, 10]
[11, 46]
[46, 63]
[63, 65]
[65, 4]
[4, 10]
[10, 11]
[12, 40]
[40, 55]
[55, 66]
[66, 68]
[68, 9]
[9, 10]
[10, 12]
[13, 53]
[53, 61]
[61, 9]
[9, 13]
[14, 25]
[25, 57]
[57, 5]
[5, 9]
[9, 14]
[15, 7]
[7, 10]
[10, 15]
[16, 65]
[65, 2]
[2, 7]
[7, 14]
[14, 16]
[17, 8]
[8, 12]
[12, 14]
[14, 15]
[15, 16]
[16, 17]
[18, 64]
[64, 17]
[17, 18]
[19, 68]
[68, 4]
[4, 12]
[12, 18]
[18, 19]
[20, 32]
[32, 2]
[2, 16]
[16, 18]
[18, 20]
[21, 36]