Topology = ring
Number of nodes = 90
Optimal number of ADMs = 166
165 Lightpaths:
[0, 18]
[18, 55]
[55, 75]
[75, 85]
[85, 0]
[1, 24]
[24, 65]
[65, 81]
[81, 1]
[2, 23]
[23, 79]
[79, 80]
[80, 85]
[85, 2]
[3, 86]
[86, 87]
[87, 3]
[4, 67]
[67, 70]
[70, 78]
[78, 82]
[82, 83]
[83, 2]
[2, 4]
[5, 31]
[31, 55]
[55, 62]
[62, 69]
[69, 77]
[77, 82]
[82, 88]
[88, 2]
[2, 5]
[6, 21]
[21, 58]
[58, 84]
[84, 86]
[86, 6]
[7, 28]
[28, 88]
[88, 0]
[0, 6]
[6, 7]
[8, 88]
[88, 3]
[3, 6]
[6, 8]
[9, 80]
[80, 7]
[7, 8]
[8, 9]
[10, 1]
[1, 7]
[7, 9]
[9, 10]
[11, 2]
[2, 9]
[9, 11]
[12, 44]
[44, 48]
[48, 68]
[68, 77]
[77, 86]
[86, 4]
[4, 7]
[7, 10]
[10, 11]
[11, 12]
[13, 33]
[33, 86]
[86, 0]
[0, 3]
[3, 12]
[12, 13]
[14, 36]
[36, 44]
[44, 64]
[64, 5]
[5, 12]
[12, 14]
[15, 57]
[57, 62]
[62, 10]
[10, 13]
[13, 14]
[14, 15]
[16, 82]
[82, 1]
[1, 3]
[3, 14]
[14, 16]
[17, 48]
[48, 49]
[49, 75]
[75, 11]
[11, 17]
[18, 47]
[47, 86]
[86, 11]
[11, 16]
[16, 17]
[17, 18]
[19, 77]
[77, 17]
[17, 19]
[20, 49]
[49, 61]
[61, 72]
[72, 8]
[8, 16]
[16, 18]
[18, 20]
[21, 40]
[40, 76]
[76, 7]
[7, 18]
[18, 19]
[19, 20]
[20, 21]
[22, 51]
[51, 18]
[18, 22]
[23, 35]
[35, 19]
[19, 22]
[22, 23]
[24, 77]
[77, 6]
[6, 16]
[16, 24]
[25, 14]
[14, 19]
[19, 23]
[23, 25]
[26, 28]
[28, 14]
[14, 26]
[27, 19]
[19, 26]
[26, 27]
[28, 73]
[73, 23]
[23, 27]
[27, 28]
[29, 54]
[54, 19]
[19, 24]
[24, 27]
[27, 29]
[30, 65]
[65, 70]
[70, 5]
[5, 17]
[17, 25]
[25, 30]
[31, 72]
[72, 20]
[20, 22]
[22, 28]
[28, 29]
[29, 30]
[30, 31]
[32, 30]
[30, 32]
[33, 81]