Topology = ring
Number of nodes = 70
Optimal number of ADMs = 76
75 Lightpaths:
[0, 18]
[18, 63]
[63, 67]
[67, 68]
[68, 0]
[1, 63]
[63, 1]
[2, 23]
[23, 31]
[31, 53]
[53, 62]
[62, 67]
[67, 2]
[3, 39]
[39, 43]
[43, 0]
[0, 1]
[1, 2]
[2, 3]
[4, 32]
[32, 68]
[68, 69]
[69, 3]
[3, 4]
[5, 38]
[38, 64]
[64, 69]
[69, 4]
[4, 5]
[6, 35]
[35, 51]
[51, 57]
[57, 3]
[3, 5]
[5, 6]
[7, 53]
[53, 59]
[59, 0]
[0, 2]
[2, 6]
[6, 7]
[8, 68]
[68, 5]
[5, 7]
[7, 8]
[9, 67]
[67, 8]
[8, 9]
[10, 5]
[5, 8]
[8, 10]
[11, 44]
[44, 54]
[54, 0]
[0, 6]
[6, 11]
[12, 56]
[56, 64]
[64, 2]
[2, 4]
[4, 12]
[13, 26]
[26, 5]
[5, 12]
[12, 13]
[14, 55]
[55, 9]
[9, 12]
[12, 14]
[15, 42]
[42, 15]
[16, 27]
[27, 38]
[38, 2]
[2, 14]