Topology = ring
Number of nodes = 50
Optimal number of ADMs = 68
65 Lightpaths:
[0, 36]
[36, 43]
[43, 45]
[45, 47]
[47, 49]
[49, 0]
[1, 44]
[44, 47]
[47, 0]
[0, 1]
[2, 5]
[5, 20]
[20, 46]
[46, 49]
[49, 2]
[3, 4]
[4, 21]
[21, 23]
[23, 41]
[41, 45]
[45, 46]
[46, 47]
[47, 2]
[2, 3]
[4, 11]
[11, 25]
[25, 26]
[26, 40]
[40, 1]
[1, 3]
[5, 6]
[6, 39]
[39, 47]
[47, 48]
[48, 3]
[3, 5]
[6, 10]
[10, 35]
[35, 4]
[4, 5]
[7, 24]
[24, 3]
[3, 6]
[6, 7]
[8, 13]
[13, 46]
[46, 2]
[2, 4]
[4, 7]
[7, 8]
[9, 27]
[27, 33]
[33, 9]
[10, 37]
[37, 7]
[7, 9]
[9, 10]
[11, 10]
[10, 11]
[12, 7]
[7, 10]
[10, 12]
[13, 6]
[6, 13]
[14, 47]