Topology = ring
Number of nodes = 60
Optimal number of ADMs = 90
90 Lightpaths:
[0, 57]
[57, 0]
[1, 7]
[7, 44]
[44, 57]
[57, 58]
[58, 59]
[59, 1]
[2, 56]
[56, 58]
[58, 2]
[3, 33]
[33, 38]
[38, 41]
[41, 43]
[43, 51]
[51, 52]
[52, 0]
[0, 2]
[2, 3]
[4, 46]
[46, 51]
[51, 55]
[55, 1]
[1, 2]
[2, 4]
[5, 15]
[15, 32]
[32, 41]
[41, 4]
[4, 5]
[6, 51]
[51, 58]
[58, 1]
[1, 6]
[7, 52]
[52, 59]
[59, 2]
[2, 7]
[8, 2]
[2, 6]
[6, 8]
[9, 22]
[22, 56]
[56, 1]
[1, 5]
[5, 8]
[8, 9]
[10, 31]
[31, 56]
[56, 59]
[59, 6]
[6, 10]
[11, 12]
[12, 14]
[14, 56]
[56, 11]
[12, 53]
[53, 7]
[7, 12]
[13, 11]
[11, 13]
[14, 16]
[16, 48]
[48, 58]
[58, 6]
[6, 7]
[7, 10]
[10, 12]
[12, 13]
[13, 14]
[15, 21]
[21, 36]
[36, 41]
[41, 52]
[52, 5]
[5, 7]
[7, 11]
[11, 14]
[14, 15]
[16, 6]
[6, 13]
[13, 15]
[15, 16]
[17, 36]
[36, 59]
[59, 5]
[5, 11]
[11, 16]
[16, 17]