Topology = ring
Number of nodes = 70
Optimal number of ADMs = 121
120 Lightpaths:
[0, 10]
[10, 67]
[67, 68]
[68, 0]
[1, 67]
[67, 0]
[0, 1]
[2, 24]
[24, 2]
[3, 17]
[17, 60]
[60, 0]
[0, 2]
[2, 3]
[4, 3]
[3, 4]
[5, 37]
[37, 68]
[68, 3]
[3, 5]
[6, 25]
[25, 5]
[5, 6]
[7, 61]
[61, 66]
[66, 5]
[5, 7]
[8, 40]
[40, 48]
[48, 54]
[54, 0]
[0, 6]
[6, 7]
[7, 8]
[9, 19]
[19, 26]
[26, 29]
[29, 49]
[49, 55]
[55, 5]
[5, 9]
[10, 38]
[38, 63]
[63, 7]
[7, 9]
[9, 10]
[11, 53]
[53, 59]
[59, 11]
[12, 57]
[57, 66]
[66, 12]
[13, 67]
[67, 3]
[3, 6]
[6, 11]
[11, 12]
[12, 13]
[14, 19]
[19, 49]
[49, 7]
[7, 13]
[13, 14]
[15, 10]
[10, 15]
[16, 6]
[6, 9]
[9, 16]
[17, 47]
[47, 55]
[55, 8]
[8, 11]
[11, 14]
[14, 15]
[15, 17]
[18, 11]
[11, 15]
[15, 16]
[16, 18]
[19, 44]
[44, 60]
[60, 67]
[67, 9]
[9, 13]
[13, 15]
[15, 19]
[20, 37]
[37, 20]
[21, 56]
[56, 18]
[18, 21]
[22, 0]
[0, 11]
[11, 20]
[20, 21]
[21, 22]
[23, 58]
[58, 68]
[68, 69]
[69, 18]
[18, 19]
[19, 21]
[21, 23]
[24, 31]
[31, 60]
[60, 8]
[8, 15]
[15, 20]
[20, 24]
[25, 54]
[54, 17]
[17, 20]
[20, 23]
[23, 25]
[26, 17]
[17, 23]
[23, 24]
[24, 25]
[25, 26]
[27, 7]