Topology = ring
Number of nodes = 90
Optimal number of ADMs = 111
110 Lightpaths:
[0, 79]
[79, 82]
[82, 89]
[89, 0]
[1, 21]
[21, 71]
[71, 84]
[84, 0]
[0, 1]
[2, 66]
[66, 81]
[81, 83]
[83, 86]
[86, 2]
[3, 33]
[33, 2]
[2, 3]
[4, 7]
[7, 87]
[87, 2]
[2, 4]
[5, 42]
[42, 72]
[72, 75]
[75, 87]
[87, 4]
[4, 5]
[6, 87]
[87, 0]
[0, 6]
[7, 37]
[37, 51]
[51, 4]
[4, 6]
[6, 7]
[8, 48]
[48, 73]
[73, 6]
[6, 8]
[9, 74]
[74, 76]
[76, 88]
[88, 2]
[2, 9]
[10, 21]
[21, 59]
[59, 62]
[62, 73]
[73, 89]
[89, 3]
[3, 5]
[5, 10]
[11, 71]
[71, 83]
[83, 11]
[12, 68]
[68, 77]
[77, 9]
[9, 10]
[10, 12]
[13, 42]
[42, 89]
[89, 7]
[7, 13]
[14, 81]
[81, 11]
[11, 14]
[15, 82]
[82, 85]
[85, 7]
[7, 11]
[11, 13]
[13, 14]
[14, 15]
[16, 88]
[88, 4]
[4, 13]
[13, 15]
[15, 16]
[17, 56]
[56, 80]
[80, 5]
[5, 8]
[8, 16]
[16, 17]
[18, 41]
[41, 89]
[89, 1]
[1, 3]
[3, 8]
[8, 13]
[13, 17]
[17, 18]
[19, 28]
[28, 45]
[45, 7]
[7, 9]
[9, 18]
[18, 19]
[20, 28]
[28, 81]
[81, 9]
[9, 19]
[19, 20]
[21, 25]
[25, 37]
[37, 6]
[6, 13]
[13, 21]
[22, 89]