Topology = ring
Number of nodes = 50
Optimal number of ADMs = 80
80 Lightpaths:
[0, 45]
[45, 48]
[48, 49]
[49, 0]
[1, 26]
[26, 0]
[0, 1]
[2, 10]
[10, 21]
[21, 43]
[43, 46]
[46, 2]
[3, 36]
[36, 41]
[41, 3]
[4, 37]
[37, 43]
[43, 2]
[2, 3]
[3, 4]
[5, 31]
[31, 41]
[41, 1]
[1, 2]
[2, 4]
[4, 5]
[6, 41]
[41, 48]
[48, 0]
[0, 5]
[5, 6]
[7, 19]
[19, 0]
[0, 6]
[6, 7]
[8, 9]
[9, 23]
[23, 39]
[39, 1]
[1, 3]
[3, 7]
[7, 8]
[9, 48]
[48, 1]
[1, 9]
[10, 39]
[39, 3]
[3, 8]
[8, 10]
[11, 9]
[9, 11]
[12, 21]
[21, 37]
[37, 46]
[46, 0]
[0, 4]
[4, 9]
[9, 10]
[10, 12]
[13, 12]
[12, 13]
[14, 29]
[29, 5]
[5, 7]
[7, 13]
[13, 14]
[15, 7]
[7, 9]
[9, 12]
[12, 14]
[14, 15]
[16, 28]
[28, 38]
[38, 39]
[39, 41]
[41, 16]
[17, 49]
[49, 7]
[7, 15]
[15, 17]