Topology = ring
Number of nodes = 90
Optimal number of ADMs = 97
95 Lightpaths:
[0, 15]
[15, 68]
[68, 86]
[86, 89]
[89, 0]
[1, 58]
[58, 87]
[87, 88]
[88, 89]
[89, 1]
[2, 12]
[12, 86]
[86, 0]
[0, 1]
[1, 2]
[3, 21]
[21, 84]
[84, 87]
[87, 2]
[2, 3]
[4, 89]
[89, 4]
[5, 18]
[18, 75]
[75, 81]
[81, 85]
[85, 88]
[88, 3]
[3, 5]
[6, 32]
[32, 71]
[71, 74]
[74, 2]
[2, 4]
[4, 5]
[5, 6]
[7, 15]
[15, 29]
[29, 54]
[54, 63]
[63, 6]
[6, 7]
[8, 81]
[81, 6]
[6, 8]
[9, 24]
[24, 74]
[74, 87]
[87, 1]
[1, 7]
[7, 8]
[8, 9]
[10, 78]
[78, 79]
[79, 87]
[87, 0]
[0, 6]
[6, 9]
[9, 10]
[11, 19]
[19, 43]
[43, 46]
[46, 62]
[62, 6]
[6, 11]
[12, 4]
[4, 8]
[8, 10]
[10, 12]
[13, 3]
[3, 8]
[8, 13]
[14, 84]
[84, 3]
[3, 13]
[13, 14]
[15, 58]
[58, 59]
[59, 10]
[10, 11]
[11, 14]
[14, 15]
[16, 29]
[29, 81]
[81, 0]
[0, 8]
[8, 14]
[17, 0]
[0, 17]
[18, 82]
[82, 7]
[7, 13]
[13, 17]
[17, 18]
[19, 53]