Topology = ring
Number of nodes = 40
Optimal number of ADMs = 71
70 Lightpaths:
[0, 37]
[37, 0]
[1, 39]
[39, 0]
[0, 1]
[2, 32]
[32, 35]
[35, 2]
[3, 18]
[18, 36]
[36, 1]
[1, 3]
[4, 36]
[36, 38]
[38, 2]
[2, 4]
[5, 20]
[20, 22]
[22, 39]
[39, 1]
[1, 4]
[4, 5]
[6, 8]
[8, 29]
[29, 4]
[4, 6]
[7, 12]
[12, 21]
[21, 24]
[24, 5]
[5, 7]
[8, 1]
[1, 7]
[7, 8]
[9, 17]
[17, 34]
[34, 5]
[5, 6]
[6, 9]
[10, 8]
[8, 9]
[9, 10]
[11, 23]
[23, 29]
[29, 8]
[8, 11]
[12, 32]
[32, 7]
[7, 11]
[11, 12]
[13, 19]
[19, 11]
[11, 13]
[14, 25]
[25, 10]
[10, 13]
[13, 14]
[15, 34]
[34, 4]
[4, 12]
[12, 15]
[16, 6]
[6, 16]
[17, 1]
[1, 2]
[2, 13]
[13, 17]
[18, 9]
[9, 11]
[11, 16]