Topology = ring
Number of nodes = 60
Optimal number of ADMs = 107
105 Lightpaths:
[0, 18]
[18, 35]
[35, 37]
[37, 50]
[50, 53]
[53, 59]
[59, 0]
[1, 35]
[35, 46]
[46, 49]
[49, 52]
[52, 57]
[57, 0]
[0, 1]
[2, 6]
[6, 2]
[3, 43]
[43, 55]
[55, 0]
[0, 2]
[2, 3]
[4, 29]
[29, 31]
[31, 32]
[32, 52]
[52, 55]
[55, 59]
[59, 1]
[1, 3]
[3, 4]
[5, 27]
[27, 47]
[47, 58]
[58, 1]
[1, 5]
[6, 40]
[40, 5]
[5, 6]
[7, 27]
[27, 48]
[48, 5]
[5, 7]
[8, 31]
[31, 35]
[35, 48]
[48, 57]
[57, 3]
[3, 7]
[7, 8]
[9, 46]
[46, 57]
[57, 9]
[10, 33]
[33, 54]
[54, 10]
[11, 24]
[24, 51]
[51, 5]
[5, 11]
[12, 42]
[42, 11]
[11, 12]
[13, 27]
[27, 46]
[46, 5]
[5, 12]
[12, 13]
[14, 2]
[2, 13]
[13, 14]
[15, 16]
[16, 26]
[26, 45]
[45, 57]
[57, 14]
[14, 15]
[16, 34]
[34, 15]
[17, 29]
[29, 6]
[6, 17]
[18, 12]
[12, 18]
[19, 24]
[24, 49]
[49, 10]
[10, 11]
[11, 17]
[17, 18]
[18, 19]
[20, 5]
[5, 16]
[16, 17]
[17, 20]
[21, 5]
[5, 20]
[20, 21]
[22, 1]
[1, 18]
[18, 21]
[21, 22]
[23, 1]
[1, 4]
[4, 16]
[16, 20]