Topology = ring
Number of nodes = 50
Optimal number of ADMs = 102
100 Lightpaths:
[0, 17]
[17, 21]
[21, 32]
[32, 44]
[44, 49]
[49, 0]
[1, 37]
[37, 43]
[43, 46]
[46, 48]
[48, 0]
[0, 1]
[2, 22]
[22, 45]
[45, 47]
[47, 48]
[48, 49]
[49, 2]
[3, 39]
[39, 0]
[0, 2]
[2, 3]
[4, 7]
[7, 29]
[29, 46]
[46, 1]
[1, 3]
[3, 4]
[5, 7]
[7, 28]
[28, 34]
[34, 4]
[4, 5]
[6, 36]
[36, 6]
[7, 23]
[23, 48]
[48, 1]
[1, 6]
[6, 7]
[8, 19]
[19, 46]
[46, 2]
[2, 5]
[5, 6]
[6, 8]
[9, 4]
[4, 6]
[10, 47]
[47, 1]
[1, 5]
[5, 9]
[9, 10]
[11, 19]
[19, 38]
[38, 42]
[42, 3]
[3, 9]
[9, 11]
[12, 43]
[43, 3]
[3, 6]
[6, 9]
[9, 12]
[13, 41]
[41, 12]
[12, 13]
[14, 19]
[19, 34]
[34, 6]
[6, 10]
[10, 11]
[11, 13]
[13, 14]
[15, 9]
[9, 14]
[14, 15]
[16, 29]
[29, 33]
[33, 37]
[37, 1]
[1, 11]
[11, 15]
[15, 16]
[17, 0]
[0, 9]
[9, 15]
[15, 17]
[18, 29]
[29, 3]
[3, 8]
[8, 13]
[13, 17]
[17, 18]
[19, 36]
[36, 49]
[49, 5]
[5, 19]
[20, 5]
[5, 18]