Topology = ring
Number of nodes = 70
Optimal number of ADMs = 117
115 Lightpaths:
[0, 31]
[31, 54]
[54, 63]
[63, 66]
[66, 68]
[68, 0]
[1, 9]
[9, 57]
[57, 58]
[58, 65]
[65, 1]
[2, 32]
[32, 36]
[36, 1]
[1, 2]
[3, 66]
[66, 69]
[69, 2]
[2, 3]
[4, 38]
[38, 1]
[1, 4]
[5, 27]
[27, 32]
[32, 55]
[55, 4]
[4, 5]
[6, 0]
[0, 4]
[4, 6]
[7, 68]
[68, 4]
[4, 7]
[8, 34]
[34, 49]
[49, 60]
[60, 67]
[67, 2]
[2, 6]
[6, 7]
[7, 8]
[9, 51]
[51, 1]
[1, 8]
[8, 9]
[10, 66]
[66, 0]
[0, 3]
[3, 4]
[11, 8]
[8, 11]
[12, 48]
[48, 11]
[11, 12]
[13, 45]
[45, 8]
[8, 12]
[12, 13]
[14, 37]
[37, 63]
[63, 7]
[7, 11]
[11, 13]
[13, 14]
[15, 61]
[61, 11]
[11, 15]
[16, 13]
[13, 15]
[15, 16]
[17, 21]
[21, 22]
[22, 41]
[41, 10]
[10, 14]
[14, 16]
[16, 17]
[18, 51]
[51, 16]
[16, 18]
[19, 15]
[15, 19]
[20, 35]
[35, 16]
[16, 20]
[21, 37]
[37, 44]
[44, 15]
[15, 18]
[18, 21]
[22, 12]
[12, 15]
[15, 21]
[23, 11]
[11, 20]
[20, 21]
[21, 23]
[24, 51]
[51, 64]
[64, 4]
[4, 17]
[17, 18]
[18, 24]
[25, 59]
[59, 18]
[18, 19]
[19, 22]
[22, 25]
[26, 17]
[17, 26]
[27, 42]
[42, 49]
[49, 20]
[20, 26]
[26, 27]