Topology = ring
Number of nodes = 60
Optimal number of ADMs = 95
95 Lightpaths:
[0, 54]
[54, 59]
[59, 0]
[1, 13]
[13, 37]
[37, 46]
[46, 0]
[0, 1]
[2, 15]
[15, 29]
[29, 55]
[55, 57]
[57, 58]
[58, 59]
[59, 2]
[3, 44]
[44, 47]
[47, 2]
[2, 3]
[4, 26]
[26, 46]
[46, 1]
[1, 4]
[5, 41]
[41, 50]
[50, 58]
[58, 4]
[4, 5]
[6, 10]
[10, 26]
[26, 40]
[40, 47]
[47, 49]
[49, 50]
[50, 2]
[2, 4]
[4, 6]
[7, 52]
[52, 3]
[3, 6]
[6, 7]
[8, 50]
[50, 55]
[55, 59]
[59, 4]
[4, 8]
[9, 46]
[46, 53]
[53, 59]
[59, 9]
[10, 25]
[25, 2]
[2, 7]
[7, 9]
[9, 10]
[11, 27]
[27, 9]
[9, 11]
[12, 18]
[18, 52]
[52, 56]
[56, 4]
[4, 12]
[13, 20]
[20, 24]
[24, 56]
[56, 0]
[0, 3]
[3, 9]
[9, 13]
[14, 57]
[57, 4]
[4, 7]
[7, 10]
[10, 12]
[12, 13]
[13, 14]
[15, 46]
[46, 59]
[59, 7]
[7, 12]
[12, 15]
[16, 22]
[22, 39]
[39, 49]
[49, 14]
[14, 16]
[17, 49]
[49, 16]
[16, 17]
[18, 37]
[37, 54]
[54, 15]
[15, 17]
[17, 18]