Topology = ring
Number of nodes = 90
Optimal number of ADMs = 62
60 Lightpaths:
[0, 15]
[15, 46]
[46, 51]
[51, 61]
[61, 88]
[88, 89]
[89, 0]
[1, 68]
[68, 74]
[74, 86]
[86, 0]
[0, 1]
[2, 53]
[53, 87]
[87, 0]
[3, 26]
[26, 51]
[51, 62]
[62, 83]
[83, 1]
[1, 2]
[2, 3]
[4, 83]
[83, 84]
[84, 0]
[0, 3]
[3, 4]
[5, 16]
[16, 50]
[50, 88]
[88, 5]
[6, 56]
[56, 67]
[67, 1]
[1, 6]
[7, 43]
[43, 64]
[64, 73]
[73, 85]
[85, 4]
[4, 7]
[8, 10]
[10, 59]
[59, 84]
[84, 2]
[2, 8]
[9, 11]
[11, 1]
[1, 8]
[8, 9]
[10, 67]
[67, 83]
[83, 88]
[88, 0]
[0, 4]
[4, 10]
[11, 23]
[23, 88]
[88, 1]
[1, 9]