Topology = path
Number of nodes = 70
Optimal number of ADMs = 161
125 Lightpaths:
[0, 27]
[27, 53]
[53, 56]
[56, 66]
[66, 68]
[68, 69]
[0, 4]
[4, 42]
[42, 59]
[59, 60]
[60, 69]
[0, 63]
[63, 69]
[0, 6]
[6, 22]
[22, 47]
[47, 62]
[62, 69]
[0, 67]
[67, 69]
[0, 25]
[25, 48]
[48, 59]
[59, 65]
[65, 69]
[0, 65]
[65, 68]
[0, 57]
[57, 58]
[58, 63]
[63, 66]
[66, 67]
[67, 68]
[0, 1]
[1, 27]
[27, 50]
[50, 59]
[59, 67]
[0, 11]
[11, 61]
[61, 67]
[0, 32]
[32, 35]
[35, 69]
[0, 7]
[7, 63]
[63, 64]
[64, 67]
[0, 48]
[48, 50]
[50, 52]
[52, 62]
[0, 68]
[0, 35]
[35, 61]
[61, 69]
[0, 21]
[21, 33]
[33, 48]
[48, 53]
[53, 66]
[0, 55]
[55, 58]
[58, 66]
[66, 69]
[0, 41]
[41, 55]
[55, 69]
[0, 34]
[34, 35]
[35, 65]
[0, 66]
[0, 30]
[30, 46]
[46, 59]
[59, 63]
[63, 65]
[65, 67]
[0, 13]
[13, 20]
[20, 57]
[57, 60]
[60, 64]
[64, 66]
[0, 45]
[45, 68]
[0, 31]
[31, 50]
[50, 51]
[51, 67]
[0, 17]
[17, 62]
[62, 66]
[0, 28]
[28, 53]
[53, 62]
[62, 65]
[65, 66]
[0, 47]
[47, 59]
[59, 68]
[0, 46]
[46, 67]
[0, 10]
[10, 41]
[41, 59]
[59, 61]
[61, 64]
[64, 65]
[0, 39]
[39, 69]
[0, 20]
[20, 34]
[34, 53]
[53, 67]
[0, 37]
[37, 65]
[0, 69]
[0, 24]
[24, 61]
[61, 66]
[0, 9]
[9, 69]
[0, 5]
[5, 42]