Topology = path
Number of nodes = 90
Optimal number of ADMs = 204
165 Lightpaths:
[0, 54]
[54, 70]
[70, 78]
[78, 86]
[86, 88]
[88, 89]
[0, 74]
[74, 77]
[77, 82]
[82, 83]
[83, 88]
[0, 6]
[6, 32]
[32, 74]
[74, 75]
[75, 78]
[78, 83]
[83, 89]
[0, 61]
[61, 80]
[80, 83]
[0, 9]
[9, 48]
[48, 75]
[75, 76]
[76, 80]
[80, 86]
[86, 87]
[87, 89]
[0, 53]
[53, 70]
[70, 87]
[0, 13]
[13, 61]
[61, 69]
[69, 78]
[78, 88]
[0, 67]
[67, 78]
[78, 87]
[0, 51]
[51, 76]
[76, 79]
[79, 83]
[83, 85]
[85, 88]
[0, 40]
[40, 67]
[67, 74]
[74, 82]
[82, 88]
[0, 28]
[28, 34]
[34, 82]
[82, 89]
[0, 60]
[60, 87]
[0, 26]
[26, 55]
[55, 59]
[59, 85]
[85, 86]
[86, 89]
[0, 21]
[21, 43]
[43, 49]
[49, 87]
[0, 86]
[0, 63]
[63, 75]
[75, 79]
[79, 89]
[0, 18]
[18, 32]
[32, 64]
[64, 83]
[83, 86]
[0, 34]
[34, 86]
[0, 24]
[24, 45]
[45, 78]
[78, 85]
[0, 64]
[64, 70]
[70, 89]
[0, 3]
[3, 49]
[49, 80]
[80, 89]
[0, 14]
[14, 29]
[29, 77]
[77, 78]
[78, 89]
[0, 49]
[49, 57]
[57, 62]
[62, 83]
[83, 87]
[0, 73]
[73, 83]
[83, 84]
[84, 89]
[0, 47]
[47, 69]
[69, 73]
[73, 85]
[85, 89]
[0, 52]
[52, 53]
[53, 62]
[62, 87]
[87, 88]
[0, 72]
[72, 79]
[79, 82]
[82, 84]
[84, 85]
[85, 87]
[0, 22]
[22, 49]
[49, 53]
[53, 80]
[80, 81]
[81, 85]
[0, 35]
[35, 83]
[0, 45]
[45, 51]
[51, 60]
[60, 83]
[0, 68]
[68, 85]
[0, 57]
[57, 72]
[72, 80]
[80, 82]
[82, 85]
[0, 62]
[62, 86]
[0, 23]
[23, 41]
[41, 76]
[76, 89]
[0, 87]
[0, 20]
[20, 51]
[51, 63]
[63, 78]
[78, 82]
[0, 11]
[11, 22]
[22, 66]
[66, 73]
[73, 77]
[77, 87]
[0, 27]
[27, 81]
[81, 83]
[0, 17]
[17, 32]
[32, 43]
[43, 69]
[69, 70]