Topology = path
Number of nodes = 90
Optimal number of ADMs = 149
120 Lightpaths:
[0, 68]
[68, 84]
[84, 88]
[88, 89]
[0, 27]
[27, 35]
[35, 41]
[41, 69]
[69, 78]
[78, 89]
[0, 2]
[2, 65]
[65, 80]
[80, 89]
[0, 24]
[24, 46]
[46, 72]
[72, 73]
[73, 83]
[83, 84]
[84, 86]
[86, 89]
[0, 35]
[35, 78]
[78, 84]
[84, 85]
[85, 88]
[0, 4]
[4, 7]
[7, 76]
[76, 85]
[85, 86]
[86, 87]
[87, 89]
[0, 5]
[5, 80]
[0, 44]
[44, 77]
[77, 80]
[80, 84]
[84, 89]
[0, 85]
[85, 89]
[0, 32]
[32, 40]
[40, 86]
[86, 88]
[0, 52]
[52, 58]
[58, 75]
[75, 89]
[0, 19]
[19, 49]
[49, 52]
[52, 55]
[55, 59]
[59, 69]
[69, 82]
[82, 88]
[0, 34]
[34, 76]
[76, 88]
[0, 57]
[57, 68]
[68, 72]
[72, 86]
[0, 84]
[0, 66]
[66, 68]
[68, 76]
[76, 79]
[79, 81]
[81, 85]
[85, 87]
[0, 78]
[78, 79]
[79, 82]
[82, 86]
[0, 31]
[31, 53]
[53, 65]
[65, 73]
[73, 77]
[77, 83]
[83, 85]
[0, 26]
[26, 72]
[72, 79]
[79, 80]
[0, 82]
[82, 87]
[0, 79]
[79, 85]
[0, 25]
[25, 42]
[42, 52]
[52, 86]
[0, 16]
[16, 20]
[20, 46]
[46, 63]
[63, 89]
[0, 1]
[1, 68]
[68, 89]
[0, 40]
[40, 49]
[49, 61]
[61, 69]
[69, 77]
[77, 88]
[0, 36]
[36, 85]
[0, 23]
[23, 84]
[0, 65]
[65, 81]
[81, 83]
[83, 86]
[0, 30]