Topology = path
Number of nodes = 100
Optimal number of ADMs = 141
115 Lightpaths:
[0, 39]
[39, 50]
[50, 52]
[52, 53]
[53, 69]
[69, 89]
[89, 91]
[91, 96]
[96, 98]
[98, 99]
[0, 59]
[59, 82]
[82, 87]
[87, 89]
[89, 96]
[96, 99]
[0, 12]
[12, 76]
[76, 98]
[0, 28]
[28, 32]
[32, 40]
[40, 58]
[58, 86]
[86, 87]
[87, 91]
[91, 93]
[93, 95]
[95, 96]
[0, 16]
[16, 61]
[61, 90]
[90, 97]
[97, 98]
[0, 6]
[6, 14]
[14, 50]
[50, 95]
[95, 97]
[97, 99]
[0, 81]
[81, 89]
[89, 93]
[93, 97]
[0, 94]
[94, 95]
[95, 98]
[0, 27]
[27, 85]
[85, 99]
[0, 30]
[30, 31]
[31, 90]
[90, 92]
[92, 97]
[0, 24]
[24, 90]
[90, 94]
[94, 96]
[96, 97]
[0, 41]
[41, 88]
[88, 97]
[0, 79]
[79, 99]
[0, 92]
[92, 93]
[93, 99]
[0, 80]
[80, 87]
[87, 95]
[95, 99]
[0, 17]
[17, 99]
[0, 4]
[4, 54]
[54, 87]
[87, 90]
[90, 93]
[0, 58]
[58, 97]
[0, 88]
[88, 96]
[0, 50]
[50, 66]
[66, 91]
[91, 92]
[92, 95]
[0, 32]
[32, 61]
[61, 72]
[72, 82]
[82, 83]
[83, 97]
[0, 69]
[69, 99]
[0, 86]
[86, 91]
[91, 99]
[0, 19]
[19, 75]
[75, 82]
[82, 88]
[88, 89]
[89, 97]
[0, 40]
[40, 48]
[48, 70]
[70, 84]
[84, 89]
[89, 92]
[92, 99]
[0, 5]
[5, 24]
[24, 69]