Topology = path
Number of nodes = 70
Optimal number of ADMs = 74
60 Lightpaths:
[0, 42]
[42, 52]
[52, 59]
[59, 60]
[60, 66]
[66, 68]
[68, 69]
[0, 54]
[54, 59]
[59, 62]
[62, 63]
[63, 68]
[0, 24]
[24, 56]
[56, 67]
[67, 68]
[0, 44]
[44, 45]
[45, 67]
[67, 69]
[0, 4]
[4, 45]
[45, 69]
[0, 30]
[30, 37]
[37, 40]
[40, 51]
[51, 65]
[65, 67]
[0, 28]
[28, 54]
[54, 61]
[61, 67]
[0, 20]
[20, 66]
[66, 69]
[0, 1]
[1, 26]
[26, 66]
[0, 41]
[41, 43]
[43, 61]
[61, 64]
[64, 69]
[0, 34]
[34, 69]
[0, 13]
[13, 56]
[56, 64]
[64, 68]
[0, 33]
[33, 60]
[60, 63]
[63, 66]
[66, 67]
[0, 14]
[14, 20]
[20, 48]
[48, 64]
[64, 67]