Topology = path
Number of nodes = 90
Optimal number of ADMs = 209
170 Lightpaths:
[0, 18]
[18, 83]
[83, 84]
[84, 87]
[87, 89]
[0, 82]
[82, 83]
[83, 85]
[85, 88]
[88, 89]
[0, 14]
[14, 61]
[61, 86]
[86, 88]
[0, 67]
[67, 69]
[69, 81]
[81, 82]
[82, 89]
[0, 89]
[0, 27]
[27, 49]
[49, 73]
[73, 81]
[81, 86]
[86, 87]
[87, 88]
[0, 26]
[26, 76]
[76, 84]
[84, 88]
[0, 58]
[58, 73]
[73, 76]
[76, 82]
[82, 86]
[86, 89]
[0, 65]
[65, 69]
[69, 79]
[79, 81]
[81, 83]
[83, 88]
[0, 15]
[15, 31]
[31, 48]
[48, 69]
[69, 86]
[0, 60]
[60, 75]
[75, 82]
[82, 87]
[0, 57]
[57, 89]
[0, 81]
[81, 88]
[0, 54]
[54, 70]
[70, 78]
[78, 80]
[80, 81]
[81, 87]
[0, 39]
[39, 88]
[0, 43]
[43, 55]
[55, 63]
[63, 80]
[80, 86]
[0, 87]
[0, 12]
[12, 67]
[67, 83]
[83, 89]
[0, 6]
[6, 10]
[10, 30]
[30, 69]
[69, 72]
[72, 74]
[74, 83]
[83, 87]
[0, 62]
[62, 63]
[63, 86]
[0, 63]
[63, 76]
[76, 79]
[79, 84]
[84, 89]
[0, 42]
[42, 57]
[57, 60]
[60, 66]
[66, 84]
[84, 86]
[0, 21]
[21, 59]
[59, 68]
[68, 70]
[70, 88]
[0, 55]
[55, 70]
[70, 73]
[73, 86]
[0, 77]
[77, 80]
[80, 89]
[0, 70]
[70, 87]
[0, 66]
[66, 68]
[68, 87]
[0, 44]
[44, 55]
[55, 78]
[78, 83]
[0, 35]
[35, 54]
[54, 62]
[62, 64]
[64, 87]
[0, 71]
[71, 86]
[0, 19]
[19, 70]
[70, 77]
[77, 88]
[0, 25]
[25, 32]
[32, 36]
[36, 60]
[60, 63]
[63, 70]
[70, 72]
[72, 75]
[75, 80]
[80, 84]
[84, 85]
[85, 86]
[0, 74]
[74, 85]
[85, 89]
[0, 9]
[9, 65]
[65, 77]
[77, 83]
[0, 22]
[22, 63]
[63, 78]
[78, 86]
[0, 59]
[59, 78]
[78, 79]
[79, 85]
[0, 33]
[33, 42]
[42, 52]
[52, 68]
[68, 72]
[72, 73]
[73, 82]
[82, 85]
[85, 87]
[0, 64]
[64, 83]
[83, 86]
[0, 61]
[61, 64]
[64, 73]