Topology = path
Number of nodes = 50
Optimal number of ADMs = 103
80 Lightpaths:
[0, 42]
[42, 45]
[45, 47]
[47, 48]
[48, 49]
[0, 49]
[0, 23]
[23, 24]
[24, 26]
[26, 49]
[0, 27]
[27, 34]
[34, 47]
[47, 49]
[0, 31]
[31, 42]
[42, 43]
[43, 48]
[0, 22]
[22, 44]
[44, 45]
[45, 46]
[46, 47]
[0, 5]
[5, 42]
[42, 46]
[46, 49]
[0, 29]
[29, 34]
[34, 42]
[42, 47]
[0, 21]
[21, 40]
[40, 44]
[44, 47]
[0, 38]
[38, 44]
[44, 49]
[0, 9]
[9, 46]
[0, 4]
[4, 38]
[38, 46]
[0, 6]
[6, 34]
[34, 35]
[35, 47]
[0, 11]
[11, 41]
[41, 44]
[44, 46]
[46, 48]
[0, 15]
[15, 30]
[30, 43]
[43, 44]
[44, 48]
[0, 48]
[0, 28]
[28, 32]
[32, 33]
[33, 34]
[34, 36]
[36, 47]
[0, 13]
[13, 18]
[18, 46]
[0, 34]
[34, 45]
[45, 49]
[0, 44]
[0, 8]
[8, 44]
[0, 12]
[12, 46]
[0, 1]
[1, 3]
[3, 37]
[37, 41]
[41, 43]