Topology = path
Number of nodes = 30
Optimal number of ADMs = 65
50 Lightpaths:
[0, 10]
[10, 14]
[14, 19]
[19, 20]
[20, 24]
[24, 26]
[26, 28]
[28, 29]
[0, 20]
[20, 22]
[22, 28]
[0, 11]
[11, 28]
[0, 29]
[0, 18]
[18, 19]
[19, 23]
[23, 25]
[25, 26]
[26, 29]
[0, 17]
[17, 19]
[19, 21]
[21, 24]
[24, 28]
[0, 14]
[14, 24]
[24, 27]
[27, 29]
[0, 12]
[12, 17]
[17, 20]
[20, 26]
[26, 27]
[27, 28]
[0, 21]
[21, 29]
[0, 26]
[0, 25]
[25, 29]
[0, 27]
[0, 1]
[1, 5]
[5, 13]
[13, 19]
[19, 27]
[0, 15]
[15, 16]
[16, 29]
[0, 4]