Topology = path
Number of nodes = 60
Optimal number of ADMs = 115
90 Lightpaths:
[0, 16]
[16, 42]
[42, 44]
[44, 45]
[45, 49]
[49, 50]
[50, 54]
[54, 57]
[57, 58]
[58, 59]
[0, 50]
[50, 59]
[0, 44]
[44, 59]
[0, 27]
[27, 35]
[35, 36]
[36, 42]
[42, 43]
[43, 57]
[57, 59]
[0, 52]
[52, 58]
[0, 9]
[9, 35]
[35, 58]
[0, 49]
[49, 51]
[51, 54]
[54, 59]
[0, 45]
[45, 48]
[48, 59]
[0, 8]
[8, 20]
[20, 46]
[46, 55]
[55, 57]
[0, 7]
[7, 14]
[14, 57]
[0, 11]
[11, 55]
[55, 56]
[56, 58]
[0, 41]
[41, 55]
[55, 59]
[0, 37]
[37, 58]
[0, 28]
[28, 47]
[47, 58]
[0, 31]
[31, 35]
[35, 48]
[48, 52]
[52, 56]
[56, 57]
[0, 58]
[0, 32]
[32, 46]
[46, 52]
[52, 55]
[55, 58]
[0, 33]
[33, 38]
[38, 45]
[45, 54]
[54, 58]
[0, 20]
[20, 55]
[0, 51]
[51, 59]
[0, 14]
[14, 39]
[39, 40]
[40, 42]
[42, 49]
[49, 58]
[0, 39]
[39, 42]
[42, 52]
[52, 57]
[0, 35]
[35, 54]
[0, 25]
[25, 48]
[48, 57]
[0, 57]