Topology = path
Number of nodes = 100
Optimal number of ADMs = 208
165 Lightpaths:
[0, 11]
[11, 42]
[42, 64]
[64, 68]
[68, 78]
[78, 98]
[98, 99]
[0, 81]
[81, 96]
[96, 98]
[0, 87]
[87, 92]
[92, 95]
[95, 98]
[0, 97]
[97, 98]
[0, 68]
[68, 71]
[71, 83]
[83, 93]
[93, 96]
[96, 97]
[97, 99]
[0, 69]
[69, 98]
[0, 78]
[78, 90]
[90, 99]
[0, 61]
[61, 91]
[91, 96]
[96, 99]
[0, 75]
[75, 85]
[85, 89]
[89, 90]
[90, 91]
[91, 92]
[92, 98]
[0, 30]
[30, 95]
[95, 96]
[0, 8]
[8, 89]
[89, 91]
[91, 94]
[94, 95]
[95, 97]
[0, 13]
[13, 48]
[48, 86]
[86, 98]
[0, 72]
[72, 75]
[75, 94]
[94, 99]
[0, 50]
[50, 53]
[53, 84]
[84, 96]
[0, 95]
[0, 89]
[89, 95]
[95, 99]
[0, 18]
[18, 45]
[45, 83]
[83, 97]
[0, 26]
[26, 77]
[77, 80]
[80, 88]
[88, 94]
[94, 96]
[0, 90]
[90, 95]
[0, 64]
[64, 77]
[77, 97]
[0, 56]
[56, 76]
[76, 98]
[0, 76]
[76, 81]
[81, 83]
[83, 94]
[94, 98]
[0, 6]
[6, 47]
[47, 84]
[84, 95]
[0, 5]
[5, 7]
[7, 44]
[44, 88]
[88, 92]
[92, 97]
[0, 53]
[53, 78]
[78, 93]
[93, 97]
[0, 24]
[24, 58]
[58, 62]
[62, 91]
[91, 97]
[0, 54]
[54, 75]
[75, 87]
[87, 96]
[0, 20]
[20, 58]
[58, 65]
[65, 91]
[91, 98]
[0, 10]
[10, 34]
[34, 80]
[80, 83]
[83, 87]
[87, 98]
[0, 84]
[84, 86]
[86, 89]
[89, 97]
[0, 60]
[60, 90]
[90, 94]
[94, 97]
[0, 43]
[43, 45]
[45, 79]
[79, 99]
[0, 12]
[12, 63]
[63, 65]
[65, 83]
[83, 95]
[0, 96]
[0, 21]
[21, 86]
[86, 95]
[0, 85]
[85, 97]
[0, 2]
[2, 87]
[87, 90]
[90, 97]
[0, 66]
[66, 70]
[70, 78]
[78, 96]
[0, 32]
[32, 38]
[38, 91]
[91, 95]
[0, 9]
[9, 94]
[0, 28]
[28, 44]
[44, 99]
[0, 34]
[34, 57]
[57, 94]
[0, 73]