Topology = path
Number of nodes = 90
Optimal number of ADMs = 203
160 Lightpaths:
[0, 11]
[11, 82]
[82, 85]
[85, 89]
[0, 19]
[19, 73]
[73, 81]
[81, 89]
[0, 49]
[49, 76]
[76, 77]
[77, 79]
[79, 86]
[86, 89]
[0, 5]
[5, 19]
[19, 60]
[60, 83]
[83, 84]
[84, 85]
[85, 87]
[87, 89]
[0, 36]
[36, 81]
[81, 82]
[82, 86]
[86, 87]
[0, 41]
[41, 77]
[77, 86]
[0, 22]
[22, 72]
[72, 81]
[81, 84]
[84, 88]
[88, 89]
[0, 83]
[83, 88]
[0, 81]
[81, 87]
[0, 67]
[67, 76]
[76, 81]
[81, 86]
[86, 88]
[0, 33]
[33, 63]
[63, 75]
[75, 80]
[80, 84]
[84, 89]
[0, 79]
[79, 89]
[0, 15]
[15, 67]
[67, 78]
[78, 79]
[79, 85]
[0, 38]
[38, 41]
[41, 86]
[0, 82]
[82, 84]
[0, 25]
[25, 79]
[0, 32]
[32, 52]
[52, 79]
[79, 84]
[84, 86]
[0, 23]
[23, 38]
[38, 49]
[49, 52]
[52, 66]
[66, 74]
[74, 77]
[77, 82]
[82, 89]
[0, 68]
[68, 76]
[76, 84]
[84, 87]
[87, 88]
[0, 44]
[44, 67]
[67, 69]
[69, 81]
[81, 85]
[85, 86]
[0, 55]
[55, 86]
[0, 72]
[72, 89]
[0, 84]
[0, 3]
[3, 30]
[30, 71]
[71, 85]
[0, 21]
[21, 69]
[69, 75]
[75, 84]
[0, 61]
[61, 63]
[63, 89]
[0, 63]
[63, 86]
[0, 43]
[43, 83]
[83, 89]
[0, 64]
[64, 66]
[66, 68]
[68, 87]
[0, 59]
[59, 63]
[63, 65]
[65, 85]
[85, 88]
[0, 69]
[69, 82]
[0, 7]
[7, 38]
[38, 59]
[59, 86]
[0, 10]
[10, 71]
[71, 79]
[0, 74]
[74, 87]
[0, 58]
[58, 61]
[61, 64]
[64, 74]
[74, 83]
[83, 86]
[0, 42]
[42, 57]
[57, 89]
[0, 26]
[26, 56]
[56, 86]
[0, 2]
[2, 85]
[0, 57]
[57, 76]
[76, 79]
[79, 88]
[0, 30]
[30, 32]
[32, 35]
[35, 60]
[60, 64]
[64, 88]
[0, 75]
[75, 89]
[0, 76]
[76, 88]
[0, 6]