Topology = path
Number of nodes = 80
Optimal number of ADMs = 111
90 Lightpaths:
[0, 45]
[45, 73]
[73, 76]
[76, 79]
[0, 55]
[55, 73]
[73, 77]
[77, 79]
[0, 26]
[26, 70]
[70, 77]
[77, 78]
[78, 79]
[0, 25]
[25, 60]
[60, 66]
[66, 69]
[69, 78]
[0, 73]
[73, 75]
[75, 78]
[0, 50]
[50, 77]
[0, 13]
[13, 21]
[21, 25]
[25, 40]
[40, 43]
[43, 49]
[49, 74]
[74, 79]
[0, 44]
[44, 58]
[58, 59]
[59, 71]
[71, 75]
[75, 76]
[76, 77]
[0, 42]
[42, 48]
[48, 71]
[71, 79]
[0, 47]
[47, 67]
[67, 76]
[76, 78]
[0, 66]
[66, 74]
[0, 38]
[38, 68]
[68, 70]
[70, 79]
[0, 52]
[52, 78]
[0, 20]
[20, 28]
[28, 65]
[65, 69]
[69, 75]
[75, 79]
[0, 48]
[48, 63]
[63, 70]
[70, 74]
[74, 76]
[0, 49]
[49, 71]
[71, 72]
[72, 73]
[73, 79]
[0, 30]
[30, 58]
[58, 65]
[65, 70]
[70, 71]
[71, 77]
[0, 57]
[57, 72]
[72, 74]
[0, 8]
[8, 16]
[16, 59]
[59, 69]
[69, 77]
[0, 41]
[41, 63]
[63, 69]
[69, 71]
[71, 78]
[0, 59]