Topology = path
Number of nodes = 80
Optimal number of ADMs = 67
55 Lightpaths:
[0, 35]
[35, 65]
[65, 71]
[71, 79]
[0, 31]
[31, 55]
[55, 65]
[65, 68]
[68, 75]
[75, 78]
[78, 79]
[0, 32]
[32, 39]
[39, 48]
[48, 59]
[59, 64]
[64, 75]
[75, 79]
[0, 74]
[74, 75]
[75, 77]
[77, 79]
[0, 26]
[26, 69]
[69, 70]
[70, 75]
[0, 29]
[29, 57]
[57, 70]
[70, 77]
[77, 78]
[0, 36]
[36, 45]
[45, 56]
[56, 58]
[58, 76]
[76, 78]
[0, 28]
[28, 33]
[33, 59]
[59, 78]
[0, 49]
[49, 63]
[63, 72]
[72, 75]
[0, 45]
[45, 73]
[73, 78]
[0, 57]
[57, 74]
[74, 76]
[76, 77]
[0, 68]
[68, 73]
[73, 74]