Topology = path
Number of nodes = 40
Optimal number of ADMs = 70
55 Lightpaths:
[0, 6]
[6, 9]
[9, 14]
[14, 32]
[32, 36]
[36, 38]
[38, 39]
[0, 21]
[21, 36]
[36, 37]
[37, 38]
[0, 31]
[31, 37]
[37, 39]
[0, 4]
[4, 7]
[7, 33]
[33, 34]
[34, 37]
[0, 26]
[26, 31]
[31, 39]
[0, 24]
[24, 25]
[25, 37]
[0, 11]
[11, 29]
[29, 30]
[30, 33]
[33, 37]
[0, 19]
[19, 24]
[24, 30]
[30, 35]
[35, 36]
[0, 14]
[14, 27]
[27, 39]
[0, 5]
[5, 11]
[11, 13]
[13, 15]
[15, 33]
[33, 36]
[36, 39]
[0, 7]
[7, 36]
[0, 23]
[23, 37]
[0, 30]
[30, 39]
[0, 34]
[34, 39]
[0, 8]
[8, 20]