Topology = path
Number of nodes = 40
Optimal number of ADMs = 84
65 Lightpaths:
[0, 19]
[19, 34]
[34, 35]
[35, 39]
[0, 27]
[27, 32]
[32, 34]
[34, 36]
[36, 39]
[0, 31]
[31, 32]
[32, 38]
[38, 39]
[0, 34]
[34, 39]
[0, 11]
[11, 22]
[22, 39]
[0, 14]
[14, 39]
[0, 15]
[15, 25]
[25, 28]
[28, 30]
[30, 34]
[34, 37]
[37, 39]
[0, 28]
[28, 29]
[29, 31]
[31, 36]
[36, 38]
[0, 5]
[5, 35]
[35, 37]
[37, 38]
[0, 3]
[3, 10]
[10, 33]
[33, 34]
[34, 38]
[0, 24]
[24, 31]
[31, 33]
[33, 36]
[0, 23]
[23, 39]
[0, 26]
[26, 35]
[0, 30]
[30, 38]
[0, 25]
[25, 36]
[0, 12]
[12, 14]
[14, 18]
[18, 30]
[30, 39]
[0, 36]
[0, 33]
[33, 35]
[35, 38]
[0, 10]
[10, 12]
[12, 21]