Topology = path
Number of nodes = 80
Optimal number of ADMs = 172
135 Lightpaths:
[0, 65]
[65, 71]
[71, 77]
[77, 79]
[0, 70]
[70, 74]
[74, 79]
[0, 35]
[35, 48]
[48, 70]
[70, 77]
[0, 30]
[30, 71]
[71, 79]
[0, 57]
[57, 79]
[0, 43]
[43, 58]
[58, 68]
[68, 76]
[76, 79]
[0, 29]
[29, 47]
[47, 66]
[66, 72]
[72, 74]
[74, 75]
[75, 78]
[78, 79]
[0, 63]
[63, 78]
[0, 1]
[1, 76]
[76, 77]
[77, 78]
[0, 44]
[44, 78]
[0, 13]
[13, 79]
[0, 24]
[24, 69]
[69, 74]
[74, 78]
[0, 74]
[74, 77]
[0, 36]
[36, 64]
[64, 72]
[72, 77]
[0, 61]
[61, 78]
[0, 76]
[0, 73]
[73, 76]
[0, 11]
[11, 24]
[24, 66]
[66, 77]
[0, 56]
[56, 75]
[75, 76]
[76, 78]
[0, 55]
[55, 61]
[61, 71]
[71, 72]
[72, 78]
[0, 38]
[38, 62]
[62, 65]
[65, 66]
[66, 68]
[68, 70]
[70, 71]
[71, 78]
[0, 12]
[12, 67]
[67, 76]
[0, 40]
[40, 64]
[64, 75]
[75, 79]
[0, 5]
[5, 51]
[51, 77]
[0, 14]
[14, 47]
[47, 52]
[52, 66]
[66, 75]
[75, 77]
[0, 68]
[68, 77]
[0, 60]
[60, 69]
[69, 77]
[0, 20]
[20, 38]
[38, 58]
[58, 72]
[72, 73]
[73, 78]
[0, 66]
[66, 74]
[74, 76]
[0, 79]
[0, 41]
[41, 43]
[43, 57]
[57, 78]
[0, 45]
[45, 63]
[63, 69]
[69, 75]
[0, 15]
[15, 27]
[27, 51]
[51, 56]
[56, 65]
[65, 76]
[0, 42]
[42, 54]
[54, 57]
[57, 66]
[66, 70]
[70, 73]
[73, 75]
[0, 22]
[22, 42]
[42, 76]
[0, 62]
[62, 66]
[66, 69]
[69, 76]
[0, 47]