Topology = path
Number of nodes = 50
Optimal number of ADMs = 114
85 Lightpaths:
[0, 38]
[38, 41]
[41, 47]
[47, 49]
[0, 1]
[1, 19]
[19, 41]
[41, 46]
[46, 47]
[47, 48]
[48, 49]
[0, 27]
[27, 48]
[0, 47]
[0, 46]
[46, 49]
[0, 37]
[37, 42]
[42, 45]
[45, 49]
[0, 23]
[23, 44]
[44, 49]
[0, 43]
[43, 45]
[45, 48]
[0, 39]
[39, 44]
[44, 48]
[0, 17]
[17, 48]
[0, 12]
[12, 44]
[0, 24]
[24, 43]
[43, 48]
[0, 48]
[0, 41]
[41, 45]
[45, 46]
[0, 44]
[44, 45]
[45, 47]
[0, 35]
[35, 39]
[39, 49]
[0, 3]
[3, 40]
[40, 47]
[0, 29]
[29, 47]
[0, 45]
[0, 34]
[34, 43]
[43, 46]
[46, 48]
[0, 25]
[25, 42]
[42, 48]
[0, 19]
[19, 45]
[0, 13]
[13, 35]
[35, 40]
[40, 43]
[43, 44]
[44, 46]
[0, 33]
[33, 48]
[0, 30]
[30, 37]
[37, 41]
[41, 49]
[0, 10]
[10, 23]
[23, 49]
[0, 9]
[9, 41]
[0, 5]
[5, 21]
[21, 26]
[26, 45]
[0, 11]
[11, 31]
[31, 44]