Topology = path
Number of nodes = 70
Optimal number of ADMs = 164
130 Lightpaths:
[0, 34]
[34, 41]
[41, 63]
[63, 64]
[64, 67]
[67, 68]
[68, 69]
[0, 13]
[13, 32]
[32, 44]
[44, 63]
[63, 69]
[0, 43]
[43, 44]
[44, 47]
[47, 58]
[58, 63]
[63, 65]
[65, 69]
[0, 35]
[35, 55]
[55, 57]
[57, 61]
[61, 67]
[67, 69]
[0, 56]
[56, 63]
[63, 68]
[0, 38]
[38, 68]
[0, 66]
[66, 69]
[0, 15]
[15, 46]
[46, 61]
[61, 63]
[63, 67]
[0, 67]
[0, 61]
[61, 66]
[66, 67]
[0, 14]
[14, 29]
[29, 50]
[50, 53]
[53, 61]
[61, 69]
[0, 47]
[47, 54]
[54, 67]
[0, 22]
[22, 34]
[34, 69]
[0, 62]
[62, 64]
[64, 66]
[0, 11]
[11, 56]
[56, 58]
[58, 60]
[60, 62]
[62, 67]
[0, 12]
[12, 35]
[35, 45]
[45, 47]
[47, 56]
[56, 62]
[62, 63]
[0, 16]
[16, 57]
[57, 65]
[65, 67]
[0, 5]
[5, 15]
[15, 40]
[40, 63]
[0, 31]
[31, 34]
[34, 63]
[63, 66]
[0, 19]
[19, 53]
[53, 64]
[64, 68]
[0, 23]
[23, 29]
[29, 47]
[47, 65]
[65, 66]
[0, 57]
[57, 62]
[62, 69]
[0, 39]
[39, 44]
[44, 65]
[65, 68]
[0, 58]
[58, 61]
[0, 27]
[27, 53]
[53, 56]
[56, 57]
[57, 68]
[0, 2]
[2, 22]
[22, 51]
[51, 59]
[59, 69]
[0, 50]
[50, 69]
[0, 37]
[37, 58]
[58, 66]
[66, 68]
[0, 65]
[0, 33]
[33, 40]
[40, 67]
[0, 59]
[59, 64]
[64, 65]
[0, 9]
[9, 16]
[16, 49]
[49, 56]
[56, 68]
[0, 42]
[42, 65]
[0, 36]