Topology = path
Number of nodes = 100
Optimal number of ADMs = 181
145 Lightpaths:
[0, 61]
[61, 86]
[86, 91]
[91, 92]
[92, 99]
[0, 53]
[53, 86]
[86, 87]
[87, 98]
[98, 99]
[0, 70]
[70, 85]
[85, 86]
[86, 95]
[95, 96]
[96, 98]
[0, 34]
[34, 56]
[56, 71]
[71, 77]
[77, 81]
[81, 84]
[84, 99]
[0, 19]
[19, 66]
[66, 89]
[89, 92]
[92, 93]
[93, 94]
[94, 98]
[0, 23]
[23, 64]
[64, 97]
[97, 99]
[0, 72]
[72, 91]
[91, 99]
[0, 45]
[45, 83]
[83, 97]
[0, 46]
[46, 63]
[63, 66]
[66, 99]
[0, 67]
[67, 69]
[69, 78]
[78, 92]
[92, 98]
[0, 49]
[49, 77]
[77, 86]
[86, 92]
[92, 97]
[0, 12]
[12, 55]
[55, 62]
[62, 74]
[74, 81]
[81, 99]
[0, 40]
[40, 58]
[58, 95]
[95, 99]
[0, 81]
[81, 93]
[93, 96]
[96, 97]
[0, 63]
[63, 91]
[91, 97]
[0, 89]
[89, 91]
[91, 96]
[96, 99]
[0, 90]
[90, 96]
[0, 18]
[18, 45]
[45, 47]
[47, 51]
[51, 86]
[86, 94]
[94, 96]
[0, 2]
[2, 88]
[88, 98]
[0, 62]
[62, 63]
[63, 82]
[82, 98]
[0, 30]
[30, 91]
[91, 94]
[94, 97]
[97, 98]
[0, 57]
[57, 87]
[87, 94]
[0, 55]
[55, 80]
[80, 98]
[0, 65]
[65, 96]
[0, 66]
[66, 93]
[93, 97]
[0, 73]
[73, 76]
[76, 87]
[87, 96]
[0, 5]
[5, 98]
[0, 86]
[86, 99]
[0, 13]
[13, 37]
[37, 75]
[75, 92]
[92, 95]
[95, 98]
[0, 15]
[15, 68]
[68, 69]
[69, 99]
[0, 50]
[50, 59]
[59, 81]
[0, 42]
[42, 50]
[50, 97]
[0, 3]
[3, 18]
[18, 82]
[82, 94]
[94, 95]
[95, 97]
[0, 36]
[36, 91]
[91, 98]
[0, 82]
[82, 95]
[0, 59]
[59, 73]
[73, 74]