Topology = path
Number of nodes = 90
Optimal number of ADMs = 62
50 Lightpaths:
[0, 51]
[51, 76]
[76, 80]
[80, 88]
[88, 89]
[0, 34]
[34, 43]
[43, 53]
[53, 55]
[55, 71]
[71, 87]
[87, 88]
[0, 36]
[36, 47]
[47, 75]
[75, 85]
[85, 88]
[0, 86]
[86, 88]
[0, 63]
[63, 76]
[76, 87]
[0, 26]
[26, 61]
[61, 74]
[74, 87]
[87, 89]
[0, 6]
[6, 69]
[69, 76]
[76, 86]
[86, 89]
[0, 70]
[70, 76]
[76, 84]
[84, 85]
[85, 87]
[0, 44]
[44, 45]
[45, 67]
[67, 82]
[82, 87]
[0, 81]
[81, 82]
[82, 89]
[0, 77]
[77, 80]
[80, 84]
[84, 86]
[0, 75]