Topology = path
Number of nodes = 80
Optimal number of ADMs = 100
80 Lightpaths:
[0, 24]
[24, 32]
[32, 45]
[45, 67]
[67, 72]
[72, 73]
[73, 76]
[76, 79]
[0, 23]
[23, 70]
[70, 79]
[0, 45]
[45, 57]
[57, 58]
[58, 73]
[73, 74]
[74, 79]
[0, 78]
[78, 79]
[0, 47]
[47, 79]
[0, 33]
[33, 47]
[47, 74]
[0, 17]
[17, 31]
[31, 38]
[38, 65]
[65, 75]
[75, 79]
[0, 31]
[31, 55]
[55, 62]
[62, 74]
[74, 75]
[75, 76]
[0, 35]
[35, 66]
[66, 70]
[70, 77]
[77, 78]
[0, 11]
[11, 74]
[74, 76]
[76, 78]
[0, 29]
[29, 67]
[67, 73]
[73, 77]
[77, 79]
[0, 16]
[16, 27]
[27, 54]
[54, 74]
[74, 78]
[0, 6]
[6, 29]
[29, 66]
[66, 78]
[0, 20]
[20, 53]
[53, 62]
[62, 76]
[0, 37]
[37, 78]
[0, 74]
[0, 2]
[2, 60]
[60, 62]
[62, 64]
[64, 71]
[71, 79]
[0, 55]
[55, 75]
[75, 78]
[0, 54]
[54, 76]
[0, 72]
[72, 75]
[75, 77]