Topology = path
Number of nodes = 100
Optimal number of ADMs = 139
110 Lightpaths:
[0, 79]
[79, 93]
[93, 95]
[95, 98]
[98, 99]
[0, 91]
[91, 99]
[0, 51]
[51, 85]
[85, 87]
[87, 98]
[0, 53]
[53, 84]
[84, 93]
[93, 99]
[0, 62]
[62, 64]
[64, 67]
[67, 70]
[70, 81]
[81, 95]
[95, 99]
[0, 87]
[87, 99]
[0, 78]
[78, 90]
[90, 99]
[0, 25]
[25, 99]
[0, 22]
[22, 65]
[65, 78]
[78, 95]
[0, 59]
[59, 86]
[86, 87]
[87, 92]
[92, 95]
[95, 97]
[97, 99]
[0, 39]
[39, 79]
[79, 89]
[89, 99]
[0, 33]
[33, 94]
[94, 95]
[0, 74]
[74, 83]
[83, 92]
[92, 99]
[0, 99]
[0, 84]
[84, 90]
[0, 45]
[45, 97]
[0, 81]
[81, 91]
[91, 92]
[92, 96]
[96, 97]
[97, 98]
[0, 16]
[16, 71]
[71, 81]
[81, 86]
[86, 89]
[89, 98]
[0, 97]
[0, 61]
[61, 96]
[96, 99]
[0, 63]
[63, 86]
[86, 94]
[94, 97]
[0, 15]
[15, 72]
[72, 94]
[94, 96]
[96, 98]
[0, 3]
[3, 72]
[72, 95]
[0, 32]
[32, 64]
[64, 66]
[66, 67]
[67, 72]
[72, 91]
[91, 96]
[0, 72]
[72, 81]
[81, 90]
[90, 96]
[0, 37]
[37, 66]
[66, 80]
[80, 98]
[0, 67]
[67, 75]
[75, 78]
[78, 79]
[79, 95]
[0, 65]
[65, 86]
[86, 91]
[91, 93]
[0, 35]
[35, 56]