Topology = path
Number of nodes = 80
Optimal number of ADMs = 133
105 Lightpaths:
[0, 43]
[43, 60]
[60, 75]
[75, 77]
[77, 79]
[0, 49]
[49, 57]
[57, 66]
[66, 79]
[0, 46]
[46, 67]
[67, 78]
[78, 79]
[0, 73]
[73, 75]
[75, 78]
[0, 32]
[32, 74]
[74, 78]
[0, 33]
[33, 47]
[47, 58]
[58, 71]
[71, 74]
[74, 77]
[77, 78]
[0, 39]
[39, 78]
[0, 36]
[36, 40]
[40, 46]
[46, 49]
[49, 56]
[56, 76]
[76, 77]
[0, 63]
[63, 76]
[76, 79]
[0, 10]
[10, 65]
[65, 78]
[0, 61]
[61, 63]
[63, 74]
[74, 79]
[0, 2]
[2, 35]
[35, 43]
[43, 45]
[45, 73]
[73, 79]
[0, 34]
[34, 40]
[40, 52]
[52, 71]
[71, 76]
[0, 37]
[37, 66]
[66, 69]
[69, 79]
[0, 31]
[31, 58]
[58, 74]
[74, 75]
[75, 79]
[0, 12]
[12, 14]
[14, 73]
[73, 76]
[0, 54]
[54, 64]
[64, 75]
[0, 64]
[64, 74]
[0, 65]
[65, 67]
[67, 72]
[72, 77]
[0, 23]
[23, 42]
[42, 67]
[67, 74]
[74, 76]
[0, 76]
[76, 78]
[0, 51]
[51, 77]
[0, 67]
[67, 75]
[75, 76]
[0, 70]
[70, 75]
[0, 26]
[26, 47]
[47, 61]
[61, 69]
[69, 70]
[70, 74]
[0, 77]
[0, 60]
[60, 69]
[69, 77]
[0, 50]
[50, 51]
[51, 69]