Topology = path
Number of nodes = 100
Optimal number of ADMs = 228
180 Lightpaths:
[0, 21]
[21, 50]
[50, 88]
[88, 92]
[92, 97]
[97, 98]
[98, 99]
[0, 2]
[2, 73]
[73, 81]
[81, 89]
[89, 98]
[0, 24]
[24, 90]
[90, 98]
[0, 86]
[86, 88]
[88, 90]
[90, 95]
[95, 97]
[97, 99]
[0, 13]
[13, 78]
[78, 84]
[84, 85]
[85, 87]
[87, 90]
[90, 92]
[92, 98]
[0, 60]
[60, 86]
[86, 89]
[89, 96]
[96, 98]
[0, 50]
[50, 65]
[65, 94]
[94, 97]
[0, 26]
[26, 95]
[95, 98]
[0, 41]
[41, 49]
[49, 65]
[65, 72]
[72, 90]
[90, 99]
[0, 55]
[55, 90]
[0, 1]
[1, 98]
[0, 68]
[68, 96]
[96, 97]
[0, 52]
[52, 55]
[55, 93]
[93, 95]
[95, 99]
[0, 88]
[88, 97]
[0, 66]
[66, 94]
[94, 96]
[96, 99]
[0, 83]
[83, 99]
[0, 14]
[14, 76]
[76, 85]
[85, 93]
[93, 96]
[0, 4]
[4, 84]
[84, 87]
[87, 93]
[93, 98]
[0, 42]
[42, 99]
[0, 38]
[38, 84]
[84, 95]
[95, 96]
[0, 71]
[71, 81]
[81, 85]
[85, 88]
[88, 99]
[0, 77]
[77, 98]
[0, 16]
[16, 30]
[30, 73]
[73, 82]
[82, 94]
[94, 95]
[0, 28]
[28, 54]
[54, 55]
[55, 85]
[85, 94]
[94, 98]
[0, 20]
[20, 71]
[71, 79]
[79, 94]
[94, 99]
[0, 75]
[75, 80]
[80, 94]
[0, 27]
[27, 29]
[29, 86]
[86, 96]
[0, 87]
[87, 94]
[0, 9]
[9, 88]
[88, 89]
[89, 92]
[92, 94]
[0, 34]
[34, 94]
[0, 36]
[36, 95]
[0, 62]
[62, 98]
[0, 97]
[0, 89]
[89, 99]
[0, 59]
[59, 94]
[0, 46]
[46, 66]
[66, 79]
[79, 92]
[92, 95]
[0, 7]
[7, 90]
[90, 94]
[0, 85]
[85, 92]
[92, 96]
[0, 15]
[15, 61]
[61, 84]
[84, 98]
[0, 11]
[11, 91]
[91, 95]
[0, 45]
[45, 64]
[64, 85]
[85, 98]
[0, 79]
[79, 89]
[89, 97]
[0, 64]
[64, 98]
[0, 37]
[37, 38]
[38, 86]
[86, 92]
[0, 61]
[61, 72]
[72, 75]
[75, 83]
[83, 86]
[86, 87]
[87, 99]
[0, 40]
[40, 50]
[50, 71]
[71, 75]
[75, 78]
[78, 95]
[0, 80]
[80, 86]
[86, 95]
[0, 10]