Topology = path
Number of nodes = 90
Optimal number of ADMs = 82
65 Lightpaths:
[0, 77]
[77, 84]
[84, 89]
[0, 89]
[0, 55]
[55, 87]
[87, 88]
[88, 89]
[0, 57]
[57, 85]
[85, 89]
[0, 34]
[34, 85]
[85, 87]
[87, 89]
[0, 30]
[30, 63]
[63, 74]
[74, 86]
[86, 88]
[0, 56]
[56, 81]
[81, 86]
[86, 87]
[0, 8]
[8, 64]
[64, 65]
[65, 87]
[0, 59]
[59, 72]
[72, 87]
[0, 10]
[10, 13]
[13, 83]
[83, 85]
[85, 88]
[0, 50]
[50, 64]
[64, 78]
[78, 82]
[82, 85]
[0, 43]
[43, 63]
[63, 87]
[0, 31]
[31, 39]
[39, 47]
[47, 87]
[0, 22]
[22, 36]
[36, 89]
[0, 45]
[45, 47]
[47, 49]
[49, 64]
[64, 74]
[74, 89]
[0, 80]
[80, 84]
[0, 32]
[32, 43]
[43, 64]
[64, 67]
[67, 86]
[86, 89]