Topology = path
Number of nodes = 100
Optimal number of ADMs = 210
170 Lightpaths:
[0, 45]
[45, 84]
[84, 96]
[96, 97]
[97, 98]
[98, 99]
[0, 1]
[1, 59]
[59, 95]
[95, 96]
[96, 98]
[0, 6]
[6, 36]
[36, 79]
[79, 88]
[88, 94]
[94, 95]
[95, 97]
[0, 48]
[48, 65]
[65, 84]
[84, 90]
[90, 92]
[92, 97]
[97, 99]
[0, 64]
[64, 72]
[72, 82]
[82, 93]
[93, 94]
[94, 96]
[96, 99]
[0, 89]
[89, 99]
[0, 37]
[37, 45]
[45, 83]
[83, 88]
[88, 95]
[95, 98]
[0, 14]
[14, 98]
[0, 95]
[0, 40]
[40, 65]
[65, 94]
[94, 99]
[0, 24]
[24, 38]
[38, 42]
[42, 68]
[68, 72]
[72, 86]
[86, 98]
[0, 11]
[11, 48]
[48, 98]
[0, 8]
[8, 68]
[68, 90]
[90, 97]
[0, 10]
[10, 84]
[84, 95]
[95, 99]
[0, 92]
[92, 96]
[0, 62]
[62, 90]
[90, 91]
[91, 95]
[0, 77]
[77, 80]
[80, 81]
[81, 82]
[82, 95]
[0, 71]
[71, 85]
[85, 93]
[93, 95]
[0, 93]
[93, 96]
[0, 12]
[12, 52]
[52, 57]
[57, 64]
[64, 88]
[88, 96]
[0, 82]
[82, 99]
[0, 63]
[63, 79]
[79, 93]
[93, 97]
[0, 28]
[28, 63]
[63, 83]
[83, 84]
[84, 97]
[0, 29]
[29, 51]
[51, 82]
[82, 87]
[87, 90]
[90, 96]
[0, 52]
[52, 75]
[75, 87]
[87, 92]
[92, 98]
[0, 61]
[61, 88]
[88, 98]
[0, 56]
[56, 89]
[89, 95]
[0, 32]
[32, 46]
[46, 74]
[74, 81]
[81, 93]
[93, 99]
[0, 2]
[2, 9]
[9, 74]
[74, 92]
[92, 94]
[0, 36]
[36, 57]
[57, 71]
[71, 95]
[0, 97]
[0, 39]
[39, 40]
[40, 95]
[0, 21]
[21, 25]
[25, 70]
[70, 81]
[81, 87]
[87, 91]
[91, 92]
[92, 93]
[93, 98]
[0, 26]
[26, 49]
[49, 79]
[79, 96]
[0, 91]
[91, 96]
[0, 18]
[18, 59]
[59, 74]
[74, 87]
[87, 99]
[0, 73]
[73, 77]
[77, 89]
[89, 93]
[0, 33]
[33, 97]
[0, 34]
[34, 53]
[53, 54]
[54, 74]
[74, 83]
[83, 90]
[90, 99]
[0, 55]
[55, 59]