Topology = path
Number of nodes = 100
Optimal number of ADMs = 122
100 Lightpaths:
[0, 30]
[30, 60]
[60, 74]
[74, 75]
[75, 79]
[79, 93]
[93, 99]
[0, 81]
[81, 94]
[94, 97]
[97, 98]
[98, 99]
[0, 39]
[39, 63]
[63, 94]
[94, 98]
[0, 59]
[59, 98]
[0, 12]
[12, 54]
[54, 72]
[72, 96]
[96, 97]
[97, 99]
[0, 65]
[65, 70]
[70, 86]
[86, 97]
[0, 8]
[8, 19]
[19, 43]
[43, 47]
[47, 57]
[57, 75]
[75, 96]
[96, 98]
[0, 1]
[1, 94]
[94, 96]
[96, 99]
[0, 63]
[63, 82]
[82, 99]
[0, 36]
[36, 82]
[82, 86]
[86, 95]
[95, 97]
[0, 73]
[73, 74]
[74, 80]
[80, 88]
[88, 98]
[0, 54]
[54, 62]
[62, 64]
[64, 74]
[74, 76]
[76, 92]
[92, 99]
[0, 9]
[9, 71]
[71, 99]
[0, 82]
[82, 98]
[0, 3]
[3, 37]
[37, 80]
[80, 94]
[0, 92]
[92, 97]
[0, 83]
[83, 99]
[0, 4]
[4, 22]
[22, 57]
[57, 62]
[62, 68]
[68, 91]
[91, 92]
[92, 93]
[93, 95]
[95, 98]
[0, 85]
[85, 88]
[88, 89]
[89, 97]
[0, 62]
[62, 79]
[79, 84]
[84, 86]
[86, 99]
[0, 71]
[71, 81]
[81, 88]
[88, 97]
[0, 70]
[70, 75]
[75, 85]
[85, 95]