Topology = path
Number of nodes = 60
Optimal number of ADMs = 74
60 Lightpaths:
[0, 8]
[8, 31]
[31, 34]
[34, 36]
[36, 53]
[53, 59]
[0, 34]
[34, 46]
[46, 49]
[49, 59]
[0, 17]
[17, 53]
[53, 56]
[56, 59]
[0, 53]
[53, 58]
[58, 59]
[0, 1]
[1, 30]
[30, 38]
[38, 52]
[52, 54]
[54, 55]
[55, 58]
[0, 55]
[55, 56]
[56, 58]
[0, 27]
[27, 54]
[54, 58]
[0, 49]
[49, 55]
[55, 59]
[0, 6]
[6, 33]
[33, 35]
[35, 36]
[36, 48]
[48, 51]
[51, 54]
[54, 56]
[56, 57]
[57, 59]
[0, 33]
[33, 55]
[0, 7]
[7, 39]
[39, 45]
[45, 59]
[0, 47]
[47, 50]
[50, 55]
[0, 11]
[11, 35]
[35, 52]
[52, 59]
[0, 43]
[43, 51]
[51, 53]
[53, 55]