Topology = path
Number of nodes = 80
Optimal number of ADMs = 89
70 Lightpaths:
[0, 62]
[62, 77]
[77, 78]
[78, 79]
[0, 17]
[17, 76]
[76, 78]
[0, 7]
[7, 54]
[54, 76]
[76, 79]
[0, 70]
[70, 71]
[71, 74]
[74, 76]
[0, 36]
[36, 54]
[54, 64]
[64, 72]
[72, 78]
[0, 47]
[47, 77]
[77, 79]
[0, 66]
[66, 69]
[69, 71]
[71, 77]
[0, 65]
[65, 78]
[0, 26]
[26, 31]
[31, 38]
[38, 42]
[42, 73]
[73, 76]
[76, 77]
[0, 10]
[10, 27]
[27, 57]
[57, 67]
[67, 77]
[0, 30]
[30, 78]
[0, 49]
[49, 53]
[53, 68]
[68, 69]
[69, 79]
[0, 79]
[0, 32]
[32, 69]
[69, 72]
[72, 79]
[0, 13]
[13, 62]
[62, 76]
[0, 41]
[41, 76]
[0, 2]
[2, 75]
[75, 78]
[0, 4]
[4, 36]
[36, 50]
[50, 56]
[56, 67]
[67, 68]
[68, 76]
[0, 20]
[20, 53]