Topology = path
Number of nodes = 50
Optimal number of ADMs = 94
75 Lightpaths:
[0, 7]
[7, 44]
[44, 49]
[0, 27]
[27, 34]
[34, 43]
[43, 46]
[46, 47]
[47, 49]
[0, 8]
[8, 32]
[32, 35]
[35, 39]
[39, 42]
[42, 45]
[45, 46]
[46, 48]
[48, 49]
[0, 32]
[32, 33]
[33, 34]
[34, 49]
[0, 46]
[46, 49]
[0, 6]
[6, 17]
[17, 20]
[20, 44]
[0, 31]
[31, 35]
[35, 42]
[42, 43]
[43, 44]
[44, 45]
[45, 49]
[0, 42]
[42, 44]
[44, 46]
[0, 17]
[17, 41]
[41, 49]
[0, 23]
[23, 39]
[39, 46]
[0, 3]
[3, 29]
[29, 33]
[33, 49]
[0, 45]
[0, 48]
[0, 15]
[15, 20]
[20, 22]
[22, 28]
[28, 29]
[29, 30]
[30, 42]
[42, 47]
[47, 48]
[0, 26]
[26, 31]
[31, 45]
[45, 47]
[0, 47]
[0, 2]
[2, 39]
[39, 47]
[0, 11]
[11, 23]
[23, 37]
[37, 46]
[0, 4]
[4, 34]
[34, 39]
[39, 48]