Topology = path
Number of nodes = 40
Optimal number of ADMs = 107
80 Lightpaths:
[0, 34]
[34, 38]
[38, 39]
[0, 37]
[37, 39]
[0, 28]
[28, 37]
[0, 15]
[15, 20]
[20, 23]
[23, 24]
[24, 30]
[30, 33]
[33, 37]
[37, 38]
[0, 32]
[32, 37]
[0, 13]
[13, 35]
[35, 39]
[0, 36]
[36, 38]
[0, 6]
[6, 31]
[31, 32]
[32, 39]
[0, 8]
[8, 19]
[19, 35]
[35, 37]
[0, 10]
[10, 18]
[18, 25]
[25, 37]
[0, 7]
[7, 32]
[0, 17]
[17, 37]
[0, 38]
[0, 35]
[35, 36]
[36, 37]
[0, 14]
[14, 24]
[24, 34]
[34, 36]
[36, 39]
[0, 20]
[20, 39]
[0, 11]
[11, 23]
[23, 33]
[33, 36]
[0, 12]
[12, 27]
[27, 32]
[32, 34]
[34, 39]
[0, 22]
[22, 29]
[29, 39]
[0, 3]
[3, 38]
[0, 29]
[29, 35]
[35, 38]
[0, 21]
[21, 30]
[30, 35]
[0, 25]
[25, 27]
[27, 36]
[0, 2]
[2, 26]
[26, 32]
[32, 36]
[0, 39]
[0, 30]
[30, 39]
[0, 19]