Topology = path
Number of nodes = 80
Optimal number of ADMs = 106
85 Lightpaths:
[0, 59]
[59, 66]
[66, 79]
[0, 2]
[2, 8]
[8, 27]
[27, 43]
[43, 71]
[71, 78]
[78, 79]
[0, 22]
[22, 71]
[71, 77]
[77, 79]
[0, 19]
[19, 53]
[53, 66]
[66, 75]
[75, 78]
[0, 48]
[48, 69]
[69, 73]
[73, 79]
[0, 24]
[24, 61]
[61, 65]
[65, 69]
[69, 77]
[0, 45]
[45, 60]
[60, 69]
[69, 72]
[72, 77]
[0, 72]
[72, 78]
[0, 53]
[53, 75]
[75, 76]
[76, 78]
[0, 30]
[30, 35]
[35, 69]
[69, 76]
[76, 79]
[0, 66]
[66, 70]
[70, 77]
[0, 51]
[51, 56]
[56, 76]
[0, 16]
[16, 70]
[70, 78]
[0, 13]
[13, 61]
[61, 62]
[62, 63]
[63, 67]
[67, 69]
[69, 78]
[0, 79]
[0, 7]
[7, 71]
[71, 74]
[74, 76]
[0, 57]
[57, 75]
[75, 77]
[0, 47]
[47, 64]
[64, 65]
[65, 71]
[71, 79]
[0, 77]
[0, 39]
[39, 52]
[52, 56]
[56, 75]
[75, 79]
[0, 4]
[4, 22]
[22, 23]
[23, 41]
[41, 57]
[57, 76]