Topology = path
Number of nodes = 90
Optimal number of ADMs = 95
75 Lightpaths:
[0, 4]
[4, 46]
[46, 88]
[88, 89]
[0, 2]
[2, 87]
[87, 88]
[0, 80]
[80, 86]
[86, 89]
[0, 26]
[26, 76]
[76, 87]
[87, 89]
[0, 69]
[69, 82]
[82, 89]
[0, 10]
[10, 82]
[82, 84]
[84, 88]
[0, 9]
[9, 42]
[42, 55]
[55, 81]
[81, 85]
[85, 89]
[0, 55]
[55, 62]
[62, 86]
[86, 87]
[0, 35]
[35, 67]
[67, 70]
[70, 81]
[81, 82]
[0, 84]
[84, 85]
[0, 23]
[23, 61]
[61, 70]
[70, 88]
[0, 56]
[56, 85]
[0, 3]
[3, 63]
[63, 66]
[66, 89]
[0, 58]
[58, 76]
[76, 78]
[78, 83]
[83, 87]
[0, 72]
[72, 81]
[81, 83]
[83, 86]
[0, 64]
[64, 78]
[78, 85]
[85, 88]
[0, 32]
[32, 89]
[0, 43]
[43, 47]
[47, 85]
[85, 86]
[86, 88]
[0, 27]
[27, 57]
[57, 72]
[72, 85]
[0, 8]
[8, 59]
[59, 87]