Topology = path
Number of nodes = 40
Optimal number of ADMs = 90
70 Lightpaths:
[0, 17]
[17, 23]
[23, 39]
[0, 14]
[14, 36]
[36, 37]
[37, 39]
[0, 26]
[26, 39]
[0, 31]
[31, 37]
[0, 2]
[2, 5]
[5, 15]
[15, 34]
[34, 39]
[0, 11]
[11, 31]
[31, 33]
[33, 38]
[38, 39]
[0, 19]
[19, 32]
[32, 34]
[34, 38]
[0, 5]
[5, 12]
[12, 22]
[22, 39]
[0, 22]
[22, 38]
[0, 28]
[28, 32]
[32, 38]
[0, 13]
[13, 20]
[20, 36]
[36, 38]
[0, 9]
[9, 24]
[24, 33]
[33, 34]
[34, 36]
[36, 39]
[0, 25]
[25, 31]
[31, 32]
[32, 33]
[33, 35]
[35, 37]
[37, 38]
[0, 23]
[23, 27]
[27, 36]
[0, 27]
[27, 33]
[33, 37]
[0, 18]
[18, 19]
[19, 24]
[24, 27]
[27, 38]
[0, 24]
[24, 38]
[0, 37]
[0, 21]
[21, 29]
[29, 37]
[0, 30]
[30, 32]