Topology = path
Number of nodes = 100
Optimal number of ADMs = 86
70 Lightpaths:
[0, 71]
[71, 98]
[98, 99]
[0, 86]
[86, 90]
[90, 97]
[97, 99]
[0, 30]
[30, 59]
[59, 84]
[84, 89]
[89, 93]
[93, 98]
[0, 52]
[52, 87]
[87, 91]
[91, 92]
[92, 96]
[96, 97]
[97, 98]
[0, 42]
[42, 93]
[93, 95]
[95, 99]
[0, 60]
[60, 72]
[72, 75]
[75, 76]
[76, 92]
[92, 95]
[95, 96]
[96, 98]
[0, 41]
[41, 98]
[0, 84]
[84, 94]
[94, 96]
[96, 99]
[0, 10]
[10, 45]
[45, 60]
[60, 86]
[86, 87]
[87, 88]
[88, 89]
[89, 95]
[95, 98]
[0, 48]
[48, 87]
[87, 96]
[0, 93]
[93, 99]
[0, 64]
[64, 75]
[75, 80]
[80, 96]
[0, 45]
[45, 50]
[50, 52]
[52, 92]
[92, 97]
[0, 89]
[89, 90]
[90, 96]
[0, 2]
[2, 53]
[53, 75]
[75, 95]
[0, 83]
[83, 87]