Topology = path
Number of nodes = 90
Optimal number of ADMs = 222
175 Lightpaths:
[0, 89]
[0, 51]
[51, 88]
[88, 89]
[0, 11]
[11, 39]
[39, 66]
[66, 81]
[81, 88]
[0, 30]
[30, 76]
[76, 83]
[83, 86]
[86, 87]
[87, 89]
[0, 14]
[14, 73]
[73, 79]
[79, 86]
[86, 89]
[0, 6]
[6, 28]
[28, 79]
[79, 82]
[82, 86]
[0, 41]
[41, 86]
[0, 70]
[70, 74]
[74, 75]
[75, 77]
[77, 78]
[78, 83]
[83, 89]
[0, 34]
[34, 58]
[58, 85]
[85, 87]
[0, 35]
[35, 73]
[73, 82]
[82, 83]
[83, 85]
[85, 86]
[0, 46]
[46, 68]
[68, 72]
[72, 76]
[76, 88]
[0, 76]
[76, 77]
[77, 88]
[0, 66]
[66, 84]
[84, 87]
[87, 88]
[0, 84]
[84, 85]
[85, 89]
[0, 65]
[65, 82]
[82, 88]
[0, 73]
[73, 83]
[0, 50]
[50, 79]
[79, 83]
[83, 87]
[0, 87]
[0, 19]
[19, 33]
[33, 50]
[50, 80]
[80, 84]
[84, 88]
[0, 57]
[57, 85]
[0, 38]
[38, 75]
[75, 86]
[86, 88]
[0, 22]
[22, 70]
[70, 75]
[75, 78]
[78, 86]
[0, 80]
[80, 85]
[0, 20]
[20, 65]
[65, 88]
[0, 15]
[15, 46]
[46, 65]
[65, 69]
[69, 83]
[0, 40]
[40, 44]
[44, 80]
[80, 87]
[0, 23]
[23, 57]
[57, 74]
[74, 88]
[0, 8]
[8, 24]
[24, 50]
[50, 60]
[60, 73]
[73, 88]
[0, 25]
[25, 80]
[80, 86]
[0, 47]
[47, 55]
[55, 83]
[83, 88]
[0, 10]
[10, 36]
[36, 75]
[75, 89]
[0, 71]
[71, 75]
[75, 82]
[82, 89]
[0, 77]
[77, 82]
[82, 84]
[84, 86]
[0, 18]
[18, 64]
[64, 74]
[74, 84]
[84, 89]
[0, 53]
[53, 65]
[65, 81]
[81, 82]
[82, 85]
[85, 88]
[0, 33]
[33, 42]
[42, 45]
[45, 72]
[72, 88]
[0, 69]
[69, 80]
[80, 82]
[82, 87]
[0, 79]
[79, 89]
[0, 88]
[0, 13]
[13, 44]
[44, 48]
[48, 73]
[73, 86]
[0, 26]
[26, 67]
[67, 83]
[0, 83]
[83, 84]
[0, 67]
[67, 70]
[70, 83]
[0, 56]
[56, 58]
[58, 67]
[67, 72]
[72, 87]
[0, 78]
[78, 88]
[0, 61]
[61, 85]
[0, 4]