Topology = path
Number of nodes = 50
Optimal number of ADMs = 70
55 Lightpaths:
[0, 32]
[32, 42]
[42, 47]
[47, 49]
[0, 12]
[12, 43]
[43, 47]
[47, 48]
[48, 49]
[0, 24]
[24, 40]
[40, 42]
[42, 43]
[43, 48]
[0, 1]
[1, 29]
[29, 39]
[39, 46]
[46, 47]
[0, 38]
[38, 43]
[43, 46]
[46, 49]
[0, 18]
[18, 48]
[0, 17]
[17, 35]
[35, 47]
[0, 27]
[27, 32]
[32, 39]
[39, 48]
[0, 14]
[14, 16]
[16, 26]
[26, 46]
[46, 48]
[0, 39]
[39, 49]
[0, 40]
[40, 44]
[44, 45]
[45, 47]
[0, 37]
[37, 47]
[0, 3]
[3, 27]
[27, 41]
[41, 44]
[44, 49]
[0, 9]
[9, 49]
[0, 26]
[26, 45]
[45, 48]