Topology = path
Number of nodes = 50
Optimal number of ADMs = 64
50 Lightpaths:
[0, 13]
[13, 20]
[20, 22]
[22, 27]
[27, 46]
[46, 48]
[48, 49]
[0, 40]
[40, 41]
[41, 43]
[43, 47]
[47, 48]
[0, 31]
[31, 48]
[0, 24]
[24, 38]
[38, 39]
[39, 48]
[0, 9]
[9, 34]
[34, 35]
[35, 40]
[40, 45]
[45, 49]
[0, 25]
[25, 45]
[45, 46]
[46, 47]
[47, 49]
[0, 44]
[44, 48]
[0, 35]
[35, 46]
[46, 49]
[0, 18]
[18, 23]
[23, 32]
[32, 49]
[0, 33]
[33, 48]
[0, 42]
[42, 44]
[44, 49]
[0, 16]
[16, 33]
[33, 47]
[0, 49]
[0, 27]
[27, 30]
[30, 48]