Topology = path
Number of nodes = 90
Optimal number of ADMs = 192
150 Lightpaths:
[0, 46]
[46, 55]
[55, 79]
[79, 83]
[83, 87]
[87, 88]
[88, 89]
[0, 7]
[7, 30]
[30, 83]
[83, 86]
[86, 89]
[0, 73]
[73, 78]
[78, 81]
[81, 85]
[85, 89]
[0, 88]
[0, 48]
[48, 59]
[59, 69]
[69, 77]
[77, 81]
[81, 82]
[82, 85]
[85, 86]
[86, 87]
[87, 89]
[0, 77]
[77, 78]
[78, 84]
[84, 88]
[0, 81]
[81, 88]
[0, 60]
[60, 66]
[66, 82]
[82, 86]
[86, 88]
[0, 27]
[27, 86]
[0, 69]
[69, 74]
[74, 80]
[80, 82]
[82, 88]
[0, 61]
[61, 84]
[84, 89]
[0, 59]
[59, 89]
[0, 70]
[70, 79]
[79, 81]
[81, 86]
[0, 40]
[40, 85]
[85, 88]
[0, 47]
[47, 52]
[52, 79]
[79, 88]
[0, 13]
[13, 75]
[75, 83]
[83, 89]
[0, 75]
[75, 76]
[76, 83]
[0, 20]
[20, 86]
[0, 86]
[0, 19]
[19, 69]
[69, 80]
[80, 88]
[0, 51]
[51, 76]
[76, 81]
[81, 87]
[0, 21]
[21, 38]
[38, 53]
[53, 84]
[84, 86]
[0, 89]
[0, 54]
[54, 68]
[68, 69]
[69, 89]
[0, 30]
[30, 47]
[47, 66]
[66, 77]
[77, 86]
[0, 6]
[6, 72]
[72, 87]
[0, 83]
[83, 84]
[0, 55]
[55, 86]
[0, 32]
[32, 54]
[54, 63]
[63, 65]
[65, 88]
[0, 35]
[35, 66]
[66, 87]
[0, 8]
[8, 37]
[37, 69]
[69, 75]
[75, 86]
[0, 63]
[63, 83]
[83, 88]
[0, 62]
[62, 83]
[83, 85]
[0, 15]
[15, 51]
[51, 82]
[82, 87]
[0, 42]
[42, 68]
[68, 89]
[0, 58]
[58, 61]
[61, 74]
[74, 81]
[81, 83]
[0, 9]
[9, 72]
[72, 84]
[0, 36]
[36, 51]
[51, 83]
[0, 80]
[80, 81]
[81, 84]
[0, 11]
[11, 69]
[0, 33]
[33, 75]
[75, 80]
[80, 89]
[0, 56]
[56, 89]