Topology = path
Number of nodes = 100
Optimal number of ADMs = 166
135 Lightpaths:
[0, 41]
[41, 78]
[78, 91]
[91, 97]
[97, 98]
[98, 99]
[0, 10]
[10, 94]
[94, 99]
[0, 11]
[11, 58]
[58, 95]
[95, 97]
[97, 99]
[0, 38]
[38, 50]
[50, 78]
[78, 82]
[82, 99]
[0, 4]
[4, 22]
[22, 68]
[68, 78]
[78, 89]
[89, 97]
[0, 16]
[16, 41]
[41, 90]
[90, 92]
[92, 98]
[0, 63]
[63, 66]
[66, 83]
[83, 88]
[88, 89]
[89, 90]
[90, 91]
[91, 96]
[96, 98]
[0, 52]
[52, 76]
[76, 92]
[92, 99]
[0, 83]
[83, 95]
[95, 99]
[0, 54]
[54, 63]
[63, 79]
[79, 83]
[83, 99]
[0, 50]
[50, 69]
[69, 87]
[87, 96]
[96, 97]
[0, 76]
[76, 90]
[90, 93]
[93, 98]
[0, 68]
[68, 73]
[73, 74]
[74, 90]
[90, 97]
[0, 9]
[9, 80]
[80, 91]
[0, 19]
[19, 77]
[77, 87]
[87, 88]
[88, 93]
[93, 97]
[0, 51]
[51, 57]
[57, 72]
[72, 77]
[77, 86]
[86, 93]
[93, 96]
[96, 99]
[0, 93]
[93, 95]
[0, 20]
[20, 74]
[74, 78]
[78, 94]
[94, 97]
[0, 29]
[29, 48]
[48, 94]
[94, 98]
[0, 44]
[44, 55]
[55, 59]
[59, 78]
[78, 98]
[0, 21]
[21, 61]
[61, 98]
[0, 73]
[73, 91]
[91, 95]
[95, 96]
[0, 22]
[22, 49]
[49, 80]
[80, 84]
[84, 95]
[0, 88]
[88, 99]
[0, 18]
[18, 88]
[88, 97]
[0, 90]
[90, 99]
[0, 72]
[72, 93]
[93, 99]
[0, 85]
[85, 88]
[88, 92]
[92, 95]
[95, 98]
[0, 79]
[79, 98]
[0, 66]
[66, 72]
[72, 95]
[0, 7]
[7, 78]
[78, 81]
[81, 89]
[89, 95]