Topology = path
Number of nodes = 100
Optimal number of ADMs = 201
160 Lightpaths:
[0, 10]
[10, 82]
[82, 84]
[84, 86]
[86, 93]
[93, 98]
[98, 99]
[0, 35]
[35, 36]
[36, 97]
[97, 99]
[0, 83]
[83, 98]
[0, 76]
[76, 97]
[0, 96]
[96, 99]
[0, 89]
[89, 99]
[0, 61]
[61, 96]
[96, 98]
[0, 78]
[78, 83]
[83, 94]
[94, 99]
[0, 48]
[48, 95]
[95, 96]
[0, 25]
[25, 72]
[72, 86]
[86, 99]
[0, 9]
[9, 16]
[16, 36]
[36, 52]
[52, 76]
[76, 89]
[89, 90]
[90, 96]
[0, 63]
[63, 91]
[91, 94]
[94, 96]
[0, 59]
[59, 78]
[78, 82]
[82, 92]
[92, 96]
[0, 34]
[34, 70]
[70, 87]
[87, 88]
[88, 99]
[0, 30]
[30, 43]
[43, 52]
[52, 60]
[60, 93]
[93, 97]
[0, 72]
[72, 77]
[77, 78]
[78, 96]
[0, 32]
[32, 75]
[75, 84]
[84, 88]
[88, 98]
[0, 8]
[8, 55]
[55, 95]
[95, 99]
[0, 53]
[53, 93]
[93, 94]
[94, 98]
[0, 74]
[74, 93]
[93, 95]
[0, 37]
[37, 39]
[39, 58]
[58, 79]
[79, 98]
[0, 88]
[88, 91]
[91, 97]
[0, 91]
[91, 95]
[95, 97]
[0, 18]
[18, 76]
[76, 99]
[0, 81]
[81, 90]
[90, 94]
[94, 95]
[0, 67]
[67, 91]
[91, 93]
[93, 96]
[0, 21]
[21, 91]
[91, 99]
[0, 93]
[93, 99]
[0, 13]
[13, 17]
[17, 43]
[43, 73]
[73, 97]
[97, 98]
[0, 29]
[29, 52]
[52, 93]
[0, 46]
[46, 81]
[81, 99]
[0, 49]
[49, 75]
[75, 81]
[81, 82]
[82, 99]
[0, 14]
[14, 51]
[51, 60]
[60, 87]
[87, 97]
[0, 79]
[79, 99]
[0, 56]
[56, 79]
[79, 90]
[90, 92]
[92, 95]
[0, 70]
[70, 99]
[0, 97]
[0, 52]
[52, 55]
[55, 58]
[58, 85]
[85, 91]
[91, 98]
[0, 38]
[38, 83]
[83, 91]
[91, 92]
[92, 99]
[0, 65]
[65, 89]
[89, 91]
[91, 96]
[96, 97]
[0, 22]
[22, 24]
[24, 37]
[37, 67]