Topology = path
Number of nodes = 40
Optimal number of ADMs = 99
75 Lightpaths:
[0, 24]
[24, 26]
[26, 39]
[0, 23]
[23, 34]
[34, 39]
[0, 13]
[13, 15]
[15, 37]
[37, 38]
[38, 39]
[0, 21]
[21, 38]
[0, 12]
[12, 28]
[28, 33]
[33, 37]
[37, 39]
[0, 19]
[19, 34]
[34, 36]
[36, 39]
[0, 34]
[34, 38]
[0, 7]
[7, 19]
[19, 27]
[27, 37]
[0, 29]
[29, 30]
[30, 32]
[32, 33]
[33, 39]
[0, 25]
[25, 32]
[32, 39]
[0, 35]
[35, 38]
[0, 1]
[1, 11]
[11, 33]
[33, 36]
[0, 4]
[4, 32]
[0, 5]
[5, 22]
[22, 24]
[24, 39]
[0, 26]
[26, 33]
[0, 3]
[3, 36]
[0, 2]
[2, 26]
[26, 32]
[32, 35]
[35, 37]
[0, 20]
[20, 36]
[0, 6]
[6, 27]
[27, 30]
[30, 39]
[0, 31]
[31, 33]
[33, 38]
[0, 14]
[14, 28]
[28, 39]
[0, 39]
[0, 15]
[15, 20]
[20, 24]
[24, 38]
[0, 36]