Topology = path
Number of nodes = 60
Optimal number of ADMs = 71
55 Lightpaths:
[0, 45]
[45, 53]
[53, 58]
[58, 59]
[0, 21]
[21, 29]
[29, 45]
[45, 51]
[51, 56]
[56, 58]
[0, 54]
[54, 58]
[0, 29]
[29, 57]
[57, 59]
[0, 59]
[0, 12]
[12, 25]
[25, 57]
[0, 23]
[23, 44]
[44, 48]
[48, 56]
[56, 59]
[0, 13]
[13, 56]
[56, 57]
[57, 58]
[0, 33]
[33, 48]
[48, 50]
[50, 52]
[52, 55]
[55, 56]
[0, 36]
[36, 59]
[0, 32]
[32, 56]
[0, 1]
[1, 51]
[51, 54]
[54, 57]
[0, 4]
[4, 56]
[0, 38]
[38, 53]
[53, 54]
[54, 56]
[0, 43]
[43, 44]
[44, 58]
[0, 18]
[18, 53]
[53, 55]
[55, 57]