Topology = path
Number of nodes = 80
Optimal number of ADMs = 200
160 Lightpaths:
[0, 68]
[68, 74]
[74, 76]
[76, 79]
[0, 6]
[6, 38]
[38, 47]
[47, 58]
[58, 60]
[60, 71]
[71, 75]
[75, 76]
[76, 77]
[77, 78]
[78, 79]
[0, 7]
[7, 32]
[32, 35]
[35, 56]
[56, 68]
[68, 76]
[76, 78]
[0, 35]
[35, 65]
[65, 70]
[70, 74]
[74, 78]
[0, 72]
[72, 76]
[0, 21]
[21, 67]
[67, 77]
[77, 79]
[0, 38]
[38, 46]
[46, 69]
[69, 76]
[0, 2]
[2, 64]
[64, 76]
[0, 54]
[54, 62]
[62, 79]
[0, 79]
[0, 39]
[39, 52]
[52, 65]
[65, 74]
[74, 75]
[75, 79]
[0, 27]
[27, 44]
[44, 65]
[65, 73]
[73, 75]
[75, 77]
[0, 66]
[66, 67]
[67, 74]
[74, 79]
[0, 36]
[36, 65]
[65, 66]
[66, 77]
[0, 18]
[18, 26]
[26, 58]
[58, 75]
[0, 52]
[52, 78]
[0, 46]
[46, 50]
[50, 53]
[53, 59]
[59, 64]
[64, 77]
[0, 29]
[29, 41]
[41, 77]
[0, 51]
[51, 65]
[65, 78]
[0, 41]
[41, 64]
[64, 72]
[72, 77]
[0, 23]
[23, 45]
[45, 57]
[57, 74]
[0, 24]
[24, 31]
[31, 46]
[46, 66]
[66, 73]
[73, 77]
[0, 15]
[15, 17]
[17, 35]
[35, 51]
[51, 59]
[59, 68]
[68, 72]
[72, 79]
[0, 73]
[73, 79]
[0, 63]
[63, 70]
[70, 76]
[0, 40]
[40, 71]
[71, 79]
[0, 76]
[0, 1]
[1, 12]
[12, 30]
[30, 68]
[68, 77]
[0, 22]
[22, 31]
[31, 59]
[59, 62]
[62, 64]
[64, 79]
[0, 44]
[44, 52]
[52, 60]
[60, 70]
[70, 73]
[0, 61]
[61, 64]
[64, 78]
[0, 56]
[56, 69]
[69, 77]
[0, 26]
[26, 54]
[54, 76]
[0, 9]
[9, 15]
[15, 77]
[0, 11]
[11, 53]
[53, 78]
[0, 71]
[71, 73]
[73, 78]
[0, 12]
[12, 74]
[0, 25]
[25, 74]
[74, 77]
[0, 50]
[50, 63]
[63, 71]
[71, 72]
[0, 65]
[65, 67]
[67, 73]
[73, 74]