Topology = path
Number of nodes = 90
Optimal number of ADMs = 229
180 Lightpaths:
[0, 68]
[68, 69]
[69, 81]
[81, 82]
[82, 86]
[86, 87]
[87, 88]
[88, 89]
[0, 84]
[84, 86]
[86, 89]
[0, 41]
[41, 58]
[58, 66]
[66, 67]
[67, 84]
[84, 88]
[0, 28]
[28, 70]
[70, 88]
[0, 40]
[40, 68]
[68, 88]
[0, 71]
[71, 89]
[0, 47]
[47, 74]
[74, 89]
[0, 14]
[14, 86]
[86, 88]
[0, 26]
[26, 68]
[68, 82]
[82, 83]
[83, 88]
[0, 37]
[37, 49]
[49, 83]
[83, 85]
[85, 88]
[0, 79]
[79, 86]
[0, 44]
[44, 57]
[57, 81]
[81, 85]
[85, 89]
[0, 17]
[17, 29]
[29, 84]
[84, 85]
[0, 83]
[83, 84]
[84, 89]
[0, 38]
[38, 52]
[52, 80]
[80, 87]
[87, 89]
[0, 50]
[50, 82]
[82, 89]
[0, 82]
[82, 85]
[85, 86]
[0, 22]
[22, 50]
[50, 80]
[80, 84]
[84, 87]
[0, 27]
[27, 35]
[35, 53]
[53, 87]
[0, 53]
[53, 60]
[60, 61]
[61, 70]
[70, 71]
[71, 88]
[0, 56]
[56, 79]
[79, 80]
[80, 82]
[82, 87]
[0, 13]
[13, 39]
[39, 48]
[48, 64]
[64, 69]
[69, 83]
[83, 86]
[0, 48]
[48, 55]
[55, 75]
[75, 86]
[0, 42]
[42, 88]
[0, 5]
[5, 9]
[9, 17]
[17, 53]
[53, 81]
[81, 87]
[0, 73]
[73, 75]
[75, 81]
[81, 84]
[0, 60]
[60, 87]
[0, 87]
[0, 75]
[75, 80]
[80, 81]
[81, 88]
[0, 7]
[7, 84]
[0, 65]
[65, 88]
[0, 86]
[0, 12]
[12, 53]
[53, 59]
[59, 82]
[0, 18]
[18, 22]
[22, 28]
[28, 85]
[0, 61]
[61, 85]
[85, 87]
[0, 3]
[3, 58]
[58, 87]
[0, 1]
[1, 68]
[68, 74]
[74, 78]
[78, 81]
[81, 86]
[0, 32]
[32, 89]
[0, 30]
[30, 88]
[0, 88]
[0, 16]
[16, 79]
[79, 89]
[0, 31]
[31, 42]
[42, 54]
[54, 76]
[76, 83]
[83, 87]
[0, 23]
[23, 39]
[39, 65]
[65, 68]
[68, 79]
[79, 82]
[0, 25]
[25, 72]
[72, 86]
[0, 52]
[52, 54]
[54, 84]
[0, 70]
[70, 83]
[83, 89]
[0, 35]
[35, 48]
[48, 61]
[61, 72]
[72, 82]
[0, 34]
[34, 75]
[75, 76]
[76, 87]
[0, 89]