Topology = path
Number of nodes = 70
Optimal number of ADMs = 85
70 Lightpaths:
[0, 20]
[20, 35]
[35, 53]
[53, 59]
[59, 65]
[65, 66]
[66, 69]
[0, 57]
[57, 65]
[65, 69]
[0, 29]
[29, 45]
[45, 51]
[51, 58]
[58, 59]
[59, 64]
[64, 69]
[0, 41]
[41, 66]
[66, 67]
[67, 68]
[68, 69]
[0, 17]
[17, 56]
[56, 59]
[59, 66]
[0, 6]
[6, 43]
[43, 58]
[58, 63]
[63, 64]
[0, 43]
[43, 47]
[47, 52]
[52, 67]
[67, 69]
[0, 66]
[66, 68]
[0, 2]
[2, 28]
[28, 68]
[0, 30]
[30, 47]
[47, 53]
[53, 61]
[61, 62]
[62, 68]
[0, 38]
[38, 53]
[53, 55]
[55, 69]
[0, 40]
[40, 55]
[55, 65]
[0, 35]
[35, 41]
[41, 58]
[58, 62]
[62, 67]
[0, 11]
[11, 47]
[47, 51]
[51, 54]
[54, 64]
[64, 65]
[65, 67]
[0, 49]
[49, 62]
[62, 65]
[65, 68]