Topology = path
Number of nodes = 90
Optimal number of ADMs = 193
155 Lightpaths:
[0, 5]
[5, 15]
[15, 55]
[55, 83]
[83, 88]
[88, 89]
[0, 19]
[19, 79]
[79, 88]
[0, 39]
[39, 77]
[77, 89]
[0, 86]
[86, 89]
[0, 27]
[27, 79]
[79, 84]
[84, 87]
[87, 88]
[0, 52]
[52, 60]
[60, 70]
[70, 82]
[82, 85]
[85, 86]
[86, 88]
[0, 2]
[2, 62]
[62, 76]
[76, 87]
[87, 89]
[0, 30]
[30, 33]
[33, 42]
[42, 82]
[82, 88]
[0, 26]
[26, 86]
[0, 17]
[17, 19]
[19, 81]
[81, 82]
[82, 89]
[0, 4]
[4, 49]
[49, 51]
[51, 64]
[64, 71]
[71, 76]
[76, 83]
[83, 86]
[0, 64]
[64, 80]
[80, 81]
[81, 84]
[84, 85]
[85, 87]
[0, 45]
[45, 53]
[53, 58]
[58, 80]
[80, 83]
[83, 84]
[84, 88]
[0, 9]
[9, 13]
[13, 64]
[64, 74]
[74, 87]
[0, 10]
[10, 27]
[27, 77]
[77, 80]
[80, 84]
[84, 86]
[86, 87]
[0, 21]
[21, 55]
[55, 76]
[76, 84]
[0, 3]
[3, 52]
[52, 81]
[81, 86]
[0, 71]
[71, 84]
[84, 89]
[0, 33]
[33, 65]
[65, 68]
[68, 81]
[81, 83]
[83, 85]
[85, 88]
[0, 16]
[16, 44]
[44, 47]
[47, 70]
[70, 88]
[0, 43]
[43, 59]
[59, 79]
[79, 89]
[0, 68]
[68, 83]
[83, 89]
[0, 89]
[0, 65]
[65, 69]
[69, 89]
[0, 22]
[22, 55]
[55, 66]
[66, 84]
[0, 37]
[37, 51]
[51, 57]
[57, 74]
[74, 85]
[85, 89]
[0, 62]
[62, 73]
[73, 88]
[0, 67]
[67, 87]
[0, 60]
[60, 74]
[74, 82]
[82, 87]
[0, 31]
[31, 82]
[82, 86]
[0, 78]
[78, 86]
[0, 8]
[8, 67]
[67, 68]
[68, 75]
[75, 83]
[0, 47]
[47, 56]
[56, 72]
[72, 88]
[0, 23]
[23, 32]
[32, 56]
[56, 69]
[69, 74]
[74, 80]
[80, 87]
[0, 82]
[82, 83]
[0, 87]
[0, 85]
[0, 13]