Topology = path
Number of nodes = 100
Optimal number of ADMs = 66
55 Lightpaths:
[0, 63]
[63, 80]
[80, 93]
[93, 98]
[98, 99]
[0, 62]
[62, 65]
[65, 98]
[0, 28]
[28, 33]
[33, 41]
[41, 54]
[54, 61]
[61, 82]
[82, 87]
[87, 98]
[0, 2]
[2, 34]
[34, 39]
[39, 63]
[63, 94]
[94, 95]
[95, 96]
[96, 99]
[0, 5]
[5, 52]
[52, 68]
[68, 84]
[84, 88]
[88, 89]
[89, 90]
[90, 97]
[97, 99]
[0, 68]
[68, 73]
[73, 75]
[75, 93]
[93, 99]
[0, 75]
[75, 97]
[97, 98]
[0, 55]
[55, 96]
[96, 98]
[0, 20]
[20, 94]
[94, 98]
[0, 27]
[27, 58]
[58, 96]
[0, 84]
[84, 87]
[87, 88]
[88, 95]
[95, 99]