Topology = path
Number of nodes = 100
Optimal number of ADMs = 217
175 Lightpaths:
[0, 96]
[96, 98]
[98, 99]
[0, 13]
[13, 84]
[84, 93]
[93, 94]
[94, 99]
[0, 26]
[26, 70]
[70, 92]
[92, 94]
[94, 98]
[0, 15]
[15, 75]
[75, 76]
[76, 86]
[86, 97]
[97, 98]
[0, 32]
[32, 89]
[89, 93]
[93, 97]
[97, 99]
[0, 14]
[14, 78]
[78, 83]
[83, 89]
[89, 95]
[95, 97]
[0, 70]
[70, 76]
[76, 98]
[0, 59]
[59, 83]
[83, 91]
[91, 94]
[94, 95]
[95, 96]
[96, 97]
[0, 6]
[6, 45]
[45, 76]
[76, 91]
[91, 97]
[0, 78]
[78, 81]
[81, 85]
[85, 90]
[90, 91]
[91, 95]
[95, 98]
[0, 58]
[58, 64]
[64, 88]
[88, 94]
[94, 96]
[96, 99]
[0, 75]
[75, 98]
[0, 85]
[85, 87]
[87, 90]
[90, 94]
[94, 97]
[0, 38]
[38, 99]
[0, 82]
[82, 85]
[85, 92]
[92, 97]
[0, 24]
[24, 27]
[27, 36]
[36, 81]
[81, 93]
[93, 96]
[0, 51]
[51, 53]
[53, 61]
[61, 88]
[88, 96]
[0, 37]
[37, 89]
[89, 91]
[91, 99]
[0, 67]
[67, 78]
[78, 93]
[93, 99]
[0, 49]
[49, 92]
[92, 99]
[0, 46]
[46, 63]
[63, 97]
[0, 84]
[84, 97]
[0, 89]
[89, 94]
[0, 68]
[68, 81]
[81, 94]
[0, 61]
[61, 90]
[90, 96]
[0, 40]
[40, 68]
[68, 77]
[77, 95]
[95, 99]
[0, 73]
[73, 92]
[92, 96]
[0, 3]
[3, 55]
[55, 89]
[89, 92]
[92, 98]
[0, 8]
[8, 21]
[21, 42]
[42, 80]
[80, 94]
[0, 60]
[60, 69]
[69, 71]
[71, 80]
[80, 99]
[0, 23]
[23, 41]
[41, 68]
[68, 86]
[86, 90]
[90, 99]
[0, 9]
[9, 21]
[21, 53]
[53, 74]
[74, 82]
[82, 89]
[89, 98]
[0, 7]
[7, 76]
[76, 88]
[88, 93]
[0, 47]
[47, 77]
[77, 89]
[89, 90]
[90, 93]
[0, 71]
[71, 86]
[86, 87]
[87, 89]
[89, 96]
[0, 10]
[10, 14]
[14, 62]
[62, 74]
[74, 88]
[88, 97]
[0, 81]
[81, 86]
[86, 92]
[0, 34]
[34, 79]
[79, 84]
[84, 94]
[0, 66]
[66, 99]
[0, 98]
[0, 91]
[0, 88]
[88, 89]