Topology = path
Number of nodes = 90
Optimal number of ADMs = 141
115 Lightpaths:
[0, 7]
[7, 61]
[61, 71]
[71, 78]
[78, 84]
[84, 88]
[88, 89]
[0, 65]
[65, 73]
[73, 83]
[83, 87]
[87, 89]
[0, 9]
[9, 76]
[76, 87]
[0, 66]
[66, 68]
[68, 78]
[78, 79]
[79, 89]
[0, 72]
[72, 88]
[0, 41]
[41, 73]
[73, 88]
[0, 36]
[36, 81]
[81, 82]
[82, 86]
[86, 89]
[0, 42]
[42, 76]
[76, 80]
[80, 82]
[82, 87]
[0, 70]
[70, 88]
[0, 21]
[21, 62]
[62, 86]
[0, 63]
[63, 86]
[0, 82]
[82, 88]
[0, 26]
[26, 56]
[56, 65]
[65, 69]
[69, 76]
[76, 77]
[77, 83]
[83, 85]
[85, 86]
[86, 88]
[0, 6]
[6, 49]
[49, 52]
[52, 60]
[60, 78]
[78, 80]
[80, 84]
[84, 87]
[0, 27]
[27, 55]
[55, 72]
[72, 87]
[87, 88]
[0, 87]
[0, 38]
[38, 57]
[57, 74]
[74, 80]
[80, 83]
[83, 89]
[0, 67]
[67, 71]
[71, 72]
[72, 78]
[78, 86]
[86, 87]
[0, 22]
[22, 54]
[54, 68]
[68, 82]
[82, 84]
[84, 85]
[85, 89]
[0, 12]
[12, 42]
[42, 45]
[45, 86]
[0, 68]
[68, 72]
[72, 89]
[0, 30]
[30, 56]
[56, 74]
[74, 79]
[79, 81]
[81, 85]
[85, 87]
[0, 47]
[47, 86]
[0, 29]
[29, 74]
[74, 78]
[78, 85]
[85, 88]
[0, 13]
[13, 27]
[27, 68]
[68, 83]
[83, 86]
[0, 23]
[23, 52]