Topology = path
Number of nodes = 80
Optimal number of ADMs = 62
50 Lightpaths:
[0, 12]
[12, 33]
[33, 64]
[64, 69]
[69, 79]
[0, 29]
[29, 48]
[48, 49]
[49, 55]
[55, 60]
[60, 68]
[68, 71]
[71, 74]
[74, 76]
[76, 78]
[78, 79]
[0, 16]
[16, 31]
[31, 57]
[57, 63]
[63, 69]
[69, 78]
[0, 11]
[11, 68]
[68, 74]
[74, 79]
[0, 55]
[55, 64]
[64, 76]
[76, 77]
[77, 78]
[0, 57]
[57, 75]
[75, 78]
[0, 22]
[22, 50]
[50, 77]
[77, 79]
[0, 49]
[49, 76]
[76, 79]
[0, 51]
[51, 70]
[70, 77]
[0, 46]
[46, 76]
[0, 9]
[9, 47]
[47, 77]
[0, 5]