Topology = path
Number of nodes = 90
Optimal number of ADMs = 131
105 Lightpaths:
[0, 5]
[5, 6]
[6, 19]
[19, 77]
[77, 78]
[78, 85]
[85, 89]
[0, 49]
[49, 69]
[69, 82]
[82, 86]
[86, 88]
[88, 89]
[0, 52]
[52, 84]
[84, 85]
[85, 88]
[0, 20]
[20, 33]
[33, 44]
[44, 83]
[83, 88]
[0, 82]
[82, 84]
[84, 88]
[0, 41]
[41, 86]
[86, 87]
[87, 89]
[0, 47]
[47, 60]
[60, 79]
[79, 88]
[0, 71]
[71, 72]
[72, 76]
[76, 88]
[0, 12]
[12, 15]
[15, 61]
[61, 66]
[66, 77]
[77, 82]
[82, 88]
[0, 29]
[29, 80]
[80, 88]
[0, 13]
[13, 34]
[34, 37]
[37, 83]
[83, 84]
[84, 89]
[0, 88]
[0, 33]
[33, 45]
[45, 50]
[50, 85]
[85, 87]
[87, 88]
[0, 48]
[48, 74]
[74, 76]
[76, 86]
[86, 89]
[0, 86]
[0, 66]
[66, 76]
[76, 77]
[77, 88]
[0, 36]
[36, 40]
[40, 59]
[59, 73]
[73, 76]
[76, 85]
[85, 86]
[0, 59]
[59, 81]
[81, 86]
[0, 9]
[9, 45]
[45, 55]
[55, 89]
[0, 1]
[1, 64]
[64, 73]
[73, 74]
[74, 81]
[81, 84]
[0, 85]
[0, 70]
[70, 81]
[81, 88]
[0, 34]
[34, 47]
[47, 79]
[79, 89]
[0, 68]
[68, 76]
[76, 89]
[0, 81]
[81, 85]
[0, 16]
[16, 58]