Topology = path
Number of nodes = 90
Optimal number of ADMs = 161
125 Lightpaths:
[0, 42]
[42, 76]
[76, 83]
[83, 86]
[86, 87]
[87, 89]
[0, 89]
[0, 44]
[44, 89]
[0, 19]
[19, 68]
[68, 76]
[76, 80]
[80, 83]
[83, 89]
[0, 46]
[46, 81]
[81, 88]
[88, 89]
[0, 5]
[5, 28]
[28, 89]
[0, 64]
[64, 85]
[85, 86]
[86, 89]
[0, 68]
[68, 70]
[70, 86]
[86, 88]
[0, 87]
[0, 75]
[75, 89]
[0, 73]
[73, 85]
[85, 89]
[0, 8]
[8, 38]
[38, 84]
[84, 87]
[87, 88]
[0, 39]
[39, 58]
[58, 73]
[73, 81]
[81, 86]
[0, 72]
[72, 88]
[0, 62]
[62, 73]
[73, 89]
[0, 82]
[82, 83]
[83, 87]
[0, 37]
[37, 44]
[44, 80]
[80, 81]
[81, 83]
[83, 84]
[84, 86]
[0, 80]
[80, 85]
[85, 88]
[0, 50]
[50, 67]
[67, 71]
[71, 77]
[77, 86]
[0, 78]
[78, 85]
[0, 60]
[60, 86]
[0, 20]
[20, 72]
[72, 73]
[73, 87]
[0, 11]
[11, 31]
[31, 79]
[79, 88]
[0, 55]
[55, 70]
[70, 85]
[0, 10]
[10, 25]
[25, 61]
[61, 75]
[75, 83]
[0, 49]
[49, 69]
[69, 75]
[75, 87]
[0, 48]
[48, 53]
[53, 76]
[76, 78]
[78, 89]
[0, 18]
[18, 54]
[54, 63]
[63, 86]
[0, 45]
[45, 80]
[80, 87]
[0, 86]
[0, 28]
[28, 88]
[0, 16]
[16, 37]
[37, 54]
[54, 87]
[0, 58]
[58, 86]
[0, 70]
[70, 77]
[77, 81]
[81, 85]
[0, 15]
[15, 35]
[35, 77]
[77, 84]
[84, 88]
[0, 53]
[53, 70]