Topology = path
Number of nodes = 30
Optimal number of ADMs = 76
55 Lightpaths:
[0, 4]
[4, 19]
[19, 26]
[26, 28]
[28, 29]
[0, 23]
[23, 27]
[27, 29]
[0, 7]
[7, 27]
[27, 28]
[0, 19]
[19, 28]
[0, 11]
[11, 22]
[22, 25]
[25, 29]
[0, 27]
[0, 6]
[6, 25]
[0, 21]
[21, 27]
[0, 9]
[9, 15]
[15, 23]
[23, 28]
[0, 25]
[25, 26]
[26, 29]
[0, 29]
[0, 1]
[1, 23]
[23, 26]
[26, 27]
[0, 28]
[0, 14]
[14, 17]
[17, 29]
[0, 17]
[17, 28]
[0, 10]
[10, 16]
[16, 22]
[22, 26]
[0, 16]
[16, 26]
[0, 20]
[20, 25]
[25, 27]
[0, 22]
[22, 27]
[0, 8]
[8, 19]
[19, 27]
[0, 2]