Topology = path
Number of nodes = 80
Optimal number of ADMs = 144
115 Lightpaths:
[0, 6]
[6, 25]
[25, 34]
[34, 40]
[40, 43]
[43, 46]
[46, 75]
[75, 79]
[0, 47]
[47, 58]
[58, 60]
[60, 63]
[63, 72]
[72, 75]
[0, 31]
[31, 50]
[50, 57]
[57, 66]
[66, 70]
[70, 73]
[73, 76]
[76, 77]
[77, 79]
[0, 38]
[38, 47]
[47, 56]
[56, 73]
[73, 79]
[0, 62]
[62, 74]
[74, 78]
[78, 79]
[0, 41]
[41, 45]
[45, 51]
[51, 67]
[67, 72]
[72, 79]
[0, 63]
[63, 66]
[66, 67]
[67, 75]
[0, 61]
[61, 76]
[76, 78]
[0, 76]
[76, 79]
[0, 71]
[71, 79]
[0, 3]
[3, 70]
[70, 78]
[0, 42]
[42, 48]
[48, 60]
[60, 77]
[77, 78]
[0, 28]
[28, 30]
[30, 72]
[72, 76]
[0, 36]
[36, 64]
[64, 69]
[69, 71]
[71, 77]
[0, 33]
[33, 69]
[69, 76]
[0, 12]
[12, 75]
[0, 2]
[2, 5]
[5, 48]
[48, 69]
[69, 77]
[0, 11]
[11, 26]
[26, 72]
[72, 73]
[73, 78]
[0, 32]
[32, 43]
[43, 69]
[69, 72]
[0, 56]
[56, 69]
[69, 79]
[0, 13]
[13, 71]
[0, 51]
[51, 79]
[0, 30]
[30, 71]
[71, 76]
[0, 22]
[22, 58]
[58, 76]
[0, 67]
[67, 79]
[0, 39]
[39, 70]
[70, 74]
[74, 75]
[75, 78]
[0, 54]
[54, 60]
[60, 78]
[0, 40]
[40, 46]
[46, 65]
[65, 78]
[0, 45]
[45, 72]
[72, 78]