Topology = path
Number of nodes = 70
Optimal number of ADMs = 174
135 Lightpaths:
[0, 32]
[32, 58]
[58, 63]
[63, 65]
[65, 66]
[66, 69]
[0, 29]
[29, 56]
[56, 69]
[0, 41]
[41, 56]
[56, 64]
[64, 65]
[65, 67]
[67, 69]
[0, 21]
[21, 39]
[39, 42]
[42, 60]
[60, 68]
[68, 69]
[0, 64]
[64, 66]
[66, 68]
[0, 61]
[61, 64]
[64, 68]
[0, 34]
[34, 62]
[62, 68]
[0, 42]
[42, 68]
[0, 22]
[22, 54]
[54, 62]
[62, 65]
[65, 69]
[0, 43]
[43, 64]
[64, 67]
[67, 68]
[0, 44]
[44, 45]
[45, 58]
[58, 69]
[0, 5]
[5, 16]
[16, 34]
[34, 51]
[51, 55]
[55, 62]
[62, 64]
[0, 58]
[58, 68]
[0, 2]
[2, 43]
[43, 47]
[47, 56]
[56, 58]
[58, 61]
[61, 65]
[0, 1]
[1, 11]
[11, 32]
[32, 68]
[0, 20]
[20, 64]
[64, 69]
[0, 15]
[15, 19]
[19, 40]
[40, 45]
[45, 59]
[59, 69]
[0, 24]
[24, 65]
[65, 68]
[0, 28]
[28, 61]
[61, 68]
[0, 56]
[56, 68]
[0, 54]
[54, 69]
[0, 3]
[3, 60]
[60, 69]
[0, 65]
[0, 17]
[17, 20]
[20, 35]
[35, 45]
[45, 69]
[0, 16]
[16, 49]
[49, 51]
[51, 69]
[0, 9]
[9, 21]
[21, 28]
[28, 32]
[32, 48]
[48, 60]
[0, 60]
[0, 7]
[7, 39]
[39, 69]
[0, 55]
[55, 67]
[0, 68]
[0, 8]
[8, 17]
[17, 44]
[44, 66]
[0, 67]
[0, 57]
[57, 64]
[0, 52]
[52, 60]
[0, 62]
[62, 63]
[63, 66]
[0, 35]
[35, 49]
[49, 62]
[62, 67]
[0, 46]
[46, 51]
[51, 54]
[54, 55]
[55, 66]
[0, 40]
[40, 68]
[0, 37]
[37, 65]