Topology = path
Number of nodes = 90
Optimal number of ADMs = 184
145 Lightpaths:
[0, 82]
[82, 85]
[85, 89]
[0, 32]
[32, 59]
[59, 65]
[65, 82]
[82, 89]
[0, 52]
[52, 81]
[81, 83]
[83, 86]
[86, 87]
[87, 89]
[0, 25]
[25, 34]
[34, 72]
[72, 83]
[83, 89]
[0, 28]
[28, 41]
[41, 49]
[49, 60]
[60, 72]
[72, 76]
[76, 78]
[78, 89]
[0, 61]
[61, 65]
[65, 80]
[80, 89]
[0, 3]
[3, 55]
[55, 78]
[78, 86]
[86, 88]
[88, 89]
[0, 78]
[78, 85]
[0, 37]
[37, 73]
[73, 87]
[87, 88]
[0, 76]
[76, 80]
[0, 73]
[73, 88]
[0, 58]
[58, 86]
[86, 89]
[0, 51]
[51, 67]
[67, 71]
[71, 80]
[0, 30]
[30, 39]
[39, 60]
[60, 88]
[0, 35]
[35, 80]
[80, 85]
[85, 86]
[0, 31]
[31, 89]
[0, 41]
[41, 70]
[70, 83]
[83, 88]
[0, 74]
[74, 83]
[83, 87]
[0, 40]
[40, 88]
[0, 54]
[54, 68]
[68, 88]
[0, 26]
[26, 48]
[48, 54]
[54, 78]
[78, 81]
[81, 86]
[0, 49]
[49, 68]
[68, 84]
[84, 87]
[0, 2]
[2, 36]
[36, 62]
[62, 73]
[73, 89]
[0, 77]
[77, 88]
[0, 80]
[80, 86]
[0, 17]
[17, 29]
[29, 42]
[42, 82]
[82, 86]
[0, 23]
[23, 85]
[85, 88]
[0, 34]
[34, 38]
[38, 49]
[49, 65]
[65, 79]
[79, 85]
[85, 87]
[0, 20]
[20, 79]
[79, 86]
[0, 9]
[9, 42]
[42, 48]
[48, 74]
[74, 86]
[0, 1]
[1, 20]
[20, 87]
[0, 59]
[59, 71]
[71, 76]
[76, 88]
[0, 4]
[4, 64]
[64, 89]
[0, 88]
[0, 53]
[53, 65]
[65, 68]
[68, 72]
[72, 88]
[0, 66]
[66, 75]
[75, 85]
[0, 65]
[65, 74]
[74, 88]
[0, 33]
[33, 74]
[74, 78]
[78, 82]
[0, 15]