Topology = path
Number of nodes = 70
Optimal number of ADMs = 70
55 Lightpaths:
[0, 25]
[25, 69]
[0, 38]
[38, 68]
[68, 69]
[0, 28]
[28, 57]
[57, 62]
[62, 63]
[63, 66]
[66, 68]
[0, 43]
[43, 61]
[61, 65]
[65, 66]
[66, 67]
[67, 69]
[0, 32]
[32, 45]
[45, 46]
[46, 67]
[0, 65]
[65, 68]
[0, 61]
[61, 69]
[0, 48]
[48, 62]
[62, 67]
[0, 22]
[22, 42]
[42, 52]
[52, 59]
[59, 62]
[62, 66]
[66, 69]
[0, 37]
[37, 44]
[44, 55]
[55, 60]
[60, 61]
[0, 44]
[44, 61]
[61, 67]
[0, 46]
[46, 56]
[56, 59]
[59, 63]
[63, 67]
[0, 23]
[23, 43]
[43, 60]
[60, 66]
[0, 68]
[0, 36]
[36, 57]