Topology = path
Number of nodes = 80
Optimal number of ADMs = 81
65 Lightpaths:
[0, 26]
[26, 38]
[38, 73]
[73, 77]
[77, 78]
[78, 79]
[0, 10]
[10, 78]
[0, 78]
[0, 77]
[77, 79]
[0, 35]
[35, 62]
[62, 71]
[71, 73]
[73, 75]
[75, 79]
[0, 13]
[13, 76]
[76, 77]
[0, 42]
[42, 58]
[58, 63]
[63, 72]
[72, 77]
[0, 27]
[27, 31]
[31, 68]
[68, 71]
[71, 75]
[0, 18]
[18, 43]
[43, 48]
[48, 57]
[57, 65]
[65, 70]
[70, 75]
[75, 76]
[76, 78]
[0, 37]
[37, 49]
[49, 75]
[75, 77]
[0, 9]
[9, 38]
[38, 69]
[69, 77]
[0, 20]
[20, 60]
[60, 66]
[66, 67]
[67, 75]
[0, 8]
[8, 58]
[58, 73]
[73, 78]
[0, 46]
[46, 72]
[72, 75]
[75, 78]
[0, 48]
[48, 52]
[52, 79]
[0, 49]
[49, 71]