Topology = path
Number of nodes = 90
Optimal number of ADMs = 112
90 Lightpaths:
[0, 89]
[0, 49]
[49, 51]
[51, 85]
[85, 89]
[0, 55]
[55, 73]
[73, 89]
[0, 50]
[50, 81]
[81, 86]
[86, 87]
[87, 88]
[88, 89]
[0, 61]
[61, 70]
[70, 71]
[71, 76]
[76, 82]
[82, 83]
[83, 86]
[86, 89]
[0, 31]
[31, 34]
[34, 37]
[37, 85]
[85, 86]
[86, 88]
[0, 13]
[13, 32]
[32, 71]
[71, 73]
[73, 81]
[81, 83]
[83, 89]
[0, 62]
[62, 79]
[79, 86]
[0, 83]
[83, 87]
[87, 89]
[0, 88]
[0, 78]
[78, 82]
[82, 88]
[0, 52]
[52, 63]
[63, 64]
[64, 76]
[76, 83]
[83, 85]
[0, 3]
[3, 25]
[25, 77]
[77, 80]
[80, 81]
[81, 84]
[84, 87]
[0, 4]
[4, 15]
[15, 63]
[63, 74]
[74, 82]
[82, 87]
[0, 59]
[59, 62]
[62, 69]
[69, 75]
[75, 89]
[0, 77]
[77, 87]
[0, 8]
[8, 71]
[71, 78]
[78, 84]
[84, 85]
[85, 87]
[0, 47]
[47, 88]
[0, 58]
[58, 59]
[59, 89]
[0, 20]
[20, 83]
[0, 38]
[38, 58]
[58, 84]
[84, 86]
[0, 74]
[74, 80]