Topology = path
Number of nodes = 70
Optimal number of ADMs = 148
115 Lightpaths:
[0, 68]
[68, 69]
[0, 43]
[43, 52]
[52, 58]
[58, 62]
[62, 69]
[0, 38]
[38, 45]
[45, 50]
[50, 54]
[54, 60]
[60, 66]
[66, 69]
[0, 67]
[67, 69]
[0, 55]
[55, 62]
[0, 44]
[44, 48]
[48, 50]
[50, 62]
[62, 68]
[0, 63]
[63, 65]
[65, 69]
[0, 15]
[15, 62]
[62, 65]
[65, 67]
[0, 8]
[8, 56]
[56, 63]
[63, 69]
[0, 62]
[62, 63]
[63, 66]
[0, 65]
[65, 68]
[0, 49]
[49, 65]
[0, 16]
[16, 63]
[0, 30]
[30, 63]
[0, 66]
[66, 68]
[0, 21]
[21, 42]
[42, 69]
[0, 41]
[41, 57]
[57, 64]
[64, 69]
[0, 69]
[0, 56]
[56, 62]
[62, 64]
[64, 65]
[0, 45]
[45, 68]
[0, 14]
[14, 23]
[23, 69]
[0, 1]
[1, 23]
[23, 45]
[45, 49]
[49, 61]
[61, 62]
[62, 66]
[66, 67]
[0, 11]
[11, 50]
[50, 60]
[60, 61]
[61, 65]
[65, 66]
[0, 33]
[33, 64]
[64, 67]
[0, 20]
[20, 62]
[62, 67]
[67, 68]
[0, 46]
[46, 60]
[60, 69]
[0, 6]
[6, 38]
[38, 46]
[46, 49]
[49, 68]
[0, 61]
[61, 63]
[0, 59]
[59, 66]
[0, 51]
[51, 63]
[63, 67]
[0, 31]
[31, 35]
[35, 52]
[52, 59]
[59, 60]
[60, 68]
[0, 29]
[29, 36]
[36, 43]
[43, 54]
[54, 68]
[0, 35]
[35, 41]
[41, 61]
[61, 69]