Topology = path
Number of nodes = 70
Optimal number of ADMs = 140
110 Lightpaths:
[0, 53]
[53, 59]
[59, 64]
[64, 68]
[68, 69]
[0, 20]
[20, 52]
[52, 64]
[64, 69]
[0, 26]
[26, 42]
[42, 61]
[61, 69]
[0, 43]
[43, 57]
[57, 59]
[59, 60]
[60, 66]
[66, 67]
[67, 69]
[0, 50]
[50, 52]
[52, 66]
[66, 68]
[0, 22]
[22, 53]
[53, 54]
[54, 65]
[65, 68]
[0, 34]
[34, 46]
[46, 65]
[65, 67]
[67, 68]
[0, 9]
[9, 45]
[45, 66]
[0, 60]
[60, 69]
[0, 24]
[24, 59]
[59, 67]
[0, 62]
[62, 66]
[66, 69]
[0, 59]
[59, 68]
[0, 48]
[48, 50]
[50, 54]
[54, 69]
[0, 8]
[8, 47]
[47, 55]
[55, 63]
[63, 68]
[0, 58]
[58, 68]
[0, 42]
[42, 60]
[60, 61]
[61, 65]
[65, 69]
[0, 12]
[12, 43]
[43, 66]
[0, 54]
[54, 55]
[55, 59]
[59, 62]
[62, 64]
[64, 66]
[0, 5]
[5, 44]
[44, 66]
[0, 16]
[16, 45]
[45, 54]
[54, 58]
[58, 66]
[0, 25]
[25, 61]
[61, 62]
[62, 67]
[0, 23]
[23, 69]
[0, 64]
[0, 33]
[33, 44]
[44, 68]
[0, 4]
[4, 16]
[16, 28]
[28, 39]
[39, 47]
[47, 64]
[64, 65]
[0, 29]
[29, 33]
[33, 45]
[45, 69]
[0, 61]
[61, 64]
[0, 11]
[11, 67]
[0, 57]
[57, 64]
[0, 47]
[47, 61]
[61, 63]