Topology = path
Number of nodes = 40
Optimal number of ADMs = 63
50 Lightpaths:
[0, 16]
[16, 17]
[17, 37]
[37, 38]
[38, 39]
[0, 17]
[17, 20]
[20, 23]
[23, 36]
[36, 39]
[0, 2]
[2, 12]
[12, 17]
[17, 26]
[26, 33]
[33, 35]
[35, 37]
[37, 39]
[0, 1]
[1, 29]
[29, 31]
[31, 38]
[0, 31]
[31, 35]
[35, 36]
[36, 38]
[0, 25]
[25, 27]
[27, 28]
[28, 34]
[34, 39]
[0, 30]
[30, 36]
[36, 37]
[0, 29]
[29, 38]
[0, 13]
[13, 39]
[0, 26]
[26, 28]
[28, 29]
[29, 32]
[32, 39]
[0, 8]
[8, 25]
[25, 36]
[0, 32]
[32, 37]
[0, 10]
[10, 14]