Topology = path
Number of nodes = 100
Optimal number of ADMs = 241
195 Lightpaths:
[0, 87]
[87, 94]
[94, 95]
[95, 96]
[96, 97]
[97, 99]
[0, 94]
[94, 99]
[0, 12]
[12, 74]
[74, 94]
[0, 42]
[42, 75]
[75, 80]
[80, 83]
[83, 88]
[88, 99]
[0, 57]
[57, 78]
[78, 83]
[83, 94]
[94, 97]
[97, 98]
[98, 99]
[0, 19]
[19, 95]
[95, 98]
[0, 14]
[14, 24]
[24, 72]
[72, 80]
[80, 84]
[84, 91]
[91, 98]
[0, 95]
[95, 99]
[0, 27]
[27, 43]
[43, 58]
[58, 65]
[65, 82]
[82, 98]
[0, 25]
[25, 71]
[71, 89]
[89, 99]
[0, 24]
[24, 42]
[42, 79]
[79, 90]
[90, 99]
[0, 40]
[40, 79]
[79, 99]
[0, 38]
[38, 53]
[53, 79]
[79, 80]
[80, 85]
[85, 93]
[93, 98]
[0, 43]
[43, 65]
[65, 90]
[90, 94]
[94, 96]
[96, 99]
[0, 5]
[5, 59]
[59, 60]
[60, 61]
[61, 82]
[82, 92]
[92, 97]
[0, 55]
[55, 65]
[65, 78]
[78, 88]
[88, 93]
[93, 96]
[0, 20]
[20, 96]
[0, 84]
[84, 99]
[0, 66]
[66, 93]
[93, 99]
[0, 54]
[54, 56]
[56, 65]
[65, 71]
[71, 85]
[85, 95]
[0, 44]
[44, 67]
[67, 85]
[85, 90]
[90, 98]
[0, 60]
[60, 65]
[65, 91]
[91, 95]
[95, 97]
[0, 33]
[33, 53]
[53, 82]
[82, 96]
[96, 98]
[0, 30]
[30, 73]
[73, 90]
[90, 95]
[0, 70]
[70, 82]
[82, 94]
[0, 65]
[65, 79]
[79, 96]
[0, 88]
[88, 89]
[89, 93]
[0, 17]
[17, 79]
[79, 81]
[81, 95]
[0, 3]
[3, 27]
[27, 89]
[89, 90]
[90, 93]
[93, 95]
[0, 91]
[91, 99]
[0, 96]
[0, 34]
[34, 72]
[72, 84]
[84, 86]
[86, 90]
[90, 91]
[0, 46]
[46, 76]
[76, 97]
[0, 7]
[7, 33]
[33, 66]
[66, 89]
[89, 92]
[92, 95]
[0, 41]
[41, 64]
[64, 97]
[0, 77]
[77, 88]
[88, 90]
[90, 92]
[92, 93]
[93, 97]
[0, 62]
[62, 79]
[79, 87]
[87, 97]
[0, 47]
[47, 72]
[72, 91]
[91, 93]
[93, 94]
[0, 89]
[89, 95]
[0, 92]
[92, 99]
[0, 49]
[49, 77]
[77, 94]
[0, 69]
[69, 76]
[76, 90]
[90, 96]
[0, 93]
[0, 86]
[86, 97]
[0, 11]
[11, 18]
[18, 19]
[19, 29]
[29, 31]
[31, 67]
[67, 83]
[83, 89]
[89, 91]
[91, 97]
[0, 67]
[67, 77]
[77, 89]
[89, 97]