Topology = path
Number of nodes = 100
Optimal number of ADMs = 191
155 Lightpaths:
[0, 95]
[95, 96]
[96, 98]
[98, 99]
[0, 9]
[9, 70]
[70, 72]
[72, 84]
[84, 86]
[86, 99]
[0, 30]
[30, 87]
[87, 91]
[91, 97]
[97, 99]
[0, 50]
[50, 72]
[72, 89]
[89, 93]
[93, 97]
[0, 76]
[76, 79]
[79, 82]
[82, 97]
[97, 98]
[0, 8]
[8, 50]
[50, 63]
[63, 94]
[94, 97]
[0, 24]
[24, 56]
[56, 76]
[76, 88]
[88, 97]
[0, 45]
[45, 47]
[47, 95]
[95, 97]
[0, 40]
[40, 67]
[67, 69]
[69, 77]
[77, 84]
[84, 98]
[0, 36]
[36, 39]
[39, 46]
[46, 51]
[51, 81]
[81, 86]
[86, 97]
[0, 62]
[62, 63]
[63, 97]
[0, 22]
[22, 90]
[90, 96]
[96, 99]
[0, 23]
[23, 51]
[51, 84]
[84, 92]
[92, 96]
[0, 7]
[7, 14]
[14, 42]
[42, 92]
[92, 97]
[0, 83]
[83, 84]
[84, 94]
[94, 99]
[0, 77]
[77, 85]
[85, 87]
[87, 95]
[95, 98]
[0, 64]
[64, 90]
[90, 93]
[93, 98]
[0, 3]
[3, 49]
[49, 96]
[0, 11]
[11, 19]
[19, 22]
[22, 50]
[50, 58]
[58, 78]
[78, 90]
[90, 99]
[0, 26]
[26, 75]
[75, 82]
[82, 98]
[0, 32]
[32, 92]
[92, 99]
[0, 29]
[29, 31]
[31, 47]
[47, 93]
[93, 95]
[0, 60]
[60, 82]
[82, 83]
[83, 97]
[0, 99]
[0, 51]
[51, 71]
[71, 85]
[85, 93]
[93, 94]
[94, 96]
[96, 97]
[0, 89]
[89, 98]
[0, 63]
[63, 74]
[74, 97]
[0, 25]
[25, 61]
[61, 91]
[91, 96]
[0, 68]
[68, 86]
[86, 91]
[91, 99]
[0, 53]
[53, 65]
[65, 80]
[80, 87]
[87, 97]
[0, 72]
[72, 96]
[0, 58]
[58, 66]
[66, 82]
[82, 89]
[89, 97]
[0, 38]
[38, 93]
[93, 96]
[0, 5]
[5, 55]
[55, 97]
[0, 78]
[78, 95]
[95, 99]
[0, 55]
[55, 81]
[81, 88]
[88, 94]