Topology = path
Number of nodes = 50
Optimal number of ADMs = 116
90 Lightpaths:
[0, 44]
[44, 46]
[46, 48]
[48, 49]
[0, 37]
[37, 48]
[0, 27]
[27, 35]
[35, 49]
[0, 11]
[11, 27]
[27, 46]
[46, 49]
[0, 33]
[33, 45]
[45, 49]
[0, 25]
[25, 26]
[26, 27]
[27, 34]
[34, 40]
[40, 47]
[47, 49]
[0, 43]
[43, 46]
[46, 47]
[0, 10]
[10, 19]
[19, 29]
[29, 46]
[0, 13]
[13, 33]
[33, 35]
[35, 47]
[0, 8]
[8, 9]
[9, 16]
[16, 48]
[0, 15]
[15, 25]
[25, 47]
[47, 48]
[0, 3]
[3, 10]
[10, 34]
[34, 45]
[45, 47]
[0, 41]
[41, 49]
[0, 38]
[38, 44]
[44, 49]
[0, 14]
[14, 27]
[27, 37]
[37, 44]
[44, 45]
[0, 7]
[7, 8]
[8, 19]
[19, 22]
[22, 42]
[42, 46]
[0, 26]
[26, 28]
[28, 49]
[0, 6]
[6, 39]
[39, 49]
[0, 42]
[42, 43]
[43, 45]
[45, 46]
[0, 24]
[24, 31]
[31, 38]
[38, 49]
[0, 16]
[16, 45]
[0, 39]
[39, 45]
[0, 12]
[12, 49]
[0, 22]
[22, 44]
[44, 48]
[0, 4]
[4, 42]
[42, 49]
[0, 23]