Topology = path
Number of nodes = 100
Optimal number of ADMs = 235
190 Lightpaths:
[0, 3]
[3, 47]
[47, 99]
[0, 2]
[2, 61]
[61, 66]
[66, 70]
[70, 71]
[71, 99]
[0, 36]
[36, 78]
[78, 87]
[87, 97]
[97, 99]
[0, 29]
[29, 51]
[51, 73]
[73, 90]
[90, 95]
[95, 96]
[96, 99]
[0, 27]
[27, 59]
[59, 64]
[64, 83]
[83, 97]
[97, 98]
[98, 99]
[0, 91]
[91, 99]
[0, 49]
[49, 86]
[86, 96]
[0, 67]
[67, 78]
[78, 89]
[89, 93]
[93, 97]
[0, 62]
[62, 64]
[64, 92]
[92, 95]
[95, 97]
[0, 79]
[79, 89]
[89, 94]
[94, 95]
[95, 98]
[0, 50]
[50, 67]
[67, 73]
[73, 89]
[89, 96]
[0, 72]
[72, 91]
[91, 93]
[93, 99]
[0, 44]
[44, 56]
[56, 90]
[90, 92]
[92, 97]
[0, 18]
[18, 46]
[46, 65]
[65, 89]
[89, 91]
[91, 97]
[0, 51]
[51, 58]
[58, 76]
[76, 98]
[0, 12]
[12, 39]
[39, 76]
[76, 87]
[87, 90]
[90, 97]
[0, 16]
[16, 31]
[31, 32]
[32, 84]
[84, 88]
[88, 90]
[90, 96]
[0, 78]
[78, 80]
[80, 89]
[89, 97]
[0, 83]
[83, 91]
[91, 94]
[94, 97]
[0, 6]
[6, 56]
[56, 68]
[68, 97]
[0, 85]
[85, 88]
[88, 95]
[0, 17]
[17, 93]
[93, 94]
[94, 98]
[0, 94]
[94, 96]
[96, 98]
[0, 58]
[58, 92]
[92, 96]
[0, 40]
[40, 42]
[42, 46]
[46, 52]
[52, 82]
[82, 98]
[0, 42]
[42, 90]
[90, 91]
[91, 92]
[92, 93]
[93, 95]
[95, 99]
[0, 32]
[32, 86]
[86, 87]
[87, 89]
[0, 45]
[45, 49]
[49, 93]
[93, 96]
[0, 1]
[1, 69]
[69, 78]
[78, 91]
[91, 95]
[0, 31]
[31, 55]
[55, 93]
[0, 24]
[24, 65]
[65, 99]
[0, 48]
[48, 90]
[90, 98]
[0, 53]
[53, 55]
[55, 71]
[71, 73]
[73, 83]
[83, 84]
[84, 86]
[86, 88]
[88, 94]
[94, 99]
[0, 28]
[28, 31]
[31, 92]
[92, 98]
[0, 8]
[8, 97]
[0, 84]
[84, 99]
[0, 71]
[71, 89]
[89, 99]
[0, 73]
[73, 96]
[96, 97]
[0, 23]
[23, 66]
[66, 99]
[0, 59]
[59, 69]
[69, 87]
[87, 96]
[0, 25]
[25, 48]
[48, 63]
[63, 72]
[72, 92]
[92, 99]
[0, 81]
[81, 97]
[0, 87]
[87, 95]
[0, 64]
[64, 91]
[91, 98]
[0, 61]