Topology = path
Number of nodes = 80
Optimal number of ADMs = 161
125 Lightpaths:
[0, 8]
[8, 12]
[12, 24]
[24, 41]
[41, 44]
[44, 55]
[55, 73]
[73, 78]
[78, 79]
[0, 59]
[59, 68]
[68, 73]
[73, 74]
[74, 75]
[75, 79]
[0, 30]
[30, 68]
[68, 77]
[77, 78]
[0, 21]
[21, 70]
[70, 79]
[0, 36]
[36, 67]
[67, 75]
[75, 76]
[76, 77]
[77, 79]
[0, 62]
[62, 73]
[73, 77]
[0, 22]
[22, 28]
[28, 79]
[0, 38]
[38, 65]
[65, 79]
[0, 63]
[63, 79]
[0, 37]
[37, 43]
[43, 78]
[0, 29]
[29, 60]
[60, 61]
[61, 72]
[72, 73]
[73, 75]
[75, 77]
[0, 14]
[14, 50]
[50, 55]
[55, 65]
[65, 70]
[70, 78]
[0, 52]
[52, 68]
[68, 78]
[0, 56]
[56, 77]
[0, 10]
[10, 75]
[0, 45]
[45, 61]
[61, 75]
[0, 57]
[57, 78]
[0, 60]
[60, 72]
[72, 77]
[0, 27]
[27, 70]
[0, 39]
[39, 67]
[67, 77]
[0, 18]
[18, 37]
[37, 55]
[55, 68]
[68, 79]
[0, 3]
[3, 67]
[67, 78]
[0, 44]
[44, 51]
[51, 68]
[68, 74]
[74, 76]
[76, 78]
[0, 40]
[40, 42]
[42, 56]
[56, 60]
[60, 64]
[64, 79]
[0, 6]
[6, 45]
[45, 60]
[60, 73]
[0, 41]
[41, 50]
[50, 62]
[62, 65]
[65, 75]
[75, 78]
[0, 17]
[17, 75]
[0, 46]
[46, 76]
[76, 79]
[0, 23]
[23, 70]
[70, 77]
[0, 64]
[64, 68]
[68, 75]
[0, 76]
[0, 79]
[0, 73]
[73, 76]
[0, 13]
[13, 70]
[0, 26]
[26, 78]
[0, 54]