Topology = path
Number of nodes = 80
Optimal number of ADMs = 73
60 Lightpaths:
[0, 72]
[72, 74]
[74, 75]
[75, 77]
[77, 78]
[78, 79]
[0, 48]
[48, 64]
[64, 68]
[68, 73]
[73, 74]
[74, 76]
[76, 77]
[77, 79]
[0, 8]
[8, 10]
[10, 46]
[46, 61]
[61, 66]
[66, 68]
[68, 78]
[0, 29]
[29, 52]
[52, 78]
[0, 42]
[42, 60]
[60, 64]
[64, 65]
[65, 68]
[68, 75]
[75, 78]
[0, 51]
[51, 70]
[70, 72]
[72, 75]
[75, 79]
[0, 32]
[32, 67]
[67, 78]
[0, 25]
[25, 64]
[64, 78]
[0, 28]
[28, 50]
[50, 58]
[58, 63]
[63, 75]
[0, 70]
[70, 79]
[0, 67]
[67, 71]
[71, 78]
[0, 63]
[63, 68]
[68, 72]
[72, 73]
[73, 77]
[0, 10]
[10, 12]
[12, 75]