Topology = path
Number of nodes = 70
Optimal number of ADMs = 62
50 Lightpaths:
[0, 2]
[2, 58]
[58, 59]
[59, 65]
[65, 66]
[66, 69]
[0, 34]
[34, 49]
[49, 53]
[53, 60]
[60, 65]
[65, 67]
[67, 69]
[0, 42]
[42, 58]
[58, 61]
[61, 62]
[62, 67]
[0, 22]
[22, 34]
[34, 42]
[42, 48]
[48, 65]
[65, 68]
[68, 69]
[0, 5]
[5, 31]
[31, 45]
[45, 50]
[50, 65]
[65, 69]
[0, 69]
[0, 27]
[27, 65]
[0, 45]
[45, 52]
[52, 62]
[62, 68]
[0, 62]
[62, 63]
[63, 67]
[0, 10]
[10, 51]
[51, 57]
[57, 68]
[0, 18]
[18, 57]
[57, 69]
[0, 52]
[52, 53]