Topology = path
Number of nodes = 50
Optimal number of ADMs = 126
100 Lightpaths:
[0, 30]
[30, 43]
[43, 48]
[48, 49]
[0, 41]
[41, 43]
[43, 47]
[47, 49]
[0, 23]
[23, 38]
[38, 41]
[41, 48]
[0, 8]
[8, 35]
[35, 38]
[38, 44]
[44, 47]
[0, 1]
[1, 41]
[41, 44]
[44, 45]
[45, 47]
[0, 17]
[17, 23]
[23, 40]
[40, 43]
[43, 44]
[44, 46]
[46, 48]
[0, 48]
[0, 3]
[3, 43]
[43, 46]
[46, 49]
[0, 15]
[15, 25]
[25, 43]
[43, 49]
[0, 21]
[21, 30]
[30, 36]
[36, 47]
[0, 10]
[10, 27]
[27, 34]
[34, 47]
[0, 4]
[4, 40]
[40, 41]
[41, 49]
[0, 6]
[6, 31]
[31, 33]
[33, 41]
[41, 45]
[45, 49]
[0, 20]
[20, 34]
[34, 36]
[36, 38]
[38, 46]
[0, 11]
[11, 28]
[28, 47]
[47, 48]
[0, 39]
[39, 41]
[0, 27]
[27, 32]
[32, 46]
[46, 47]
[0, 33]
[33, 47]
[0, 19]
[19, 32]
[32, 40]
[40, 42]
[42, 49]
[0, 49]
[0, 34]
[34, 37]
[37, 49]
[0, 5]
[5, 19]
[19, 35]
[35, 43]
[43, 45]
[45, 46]
[0, 14]
[14, 32]
[32, 42]
[42, 48]
[0, 28]
[28, 38]
[38, 49]
[0, 37]
[37, 38]
[38, 48]
[0, 32]
[32, 34]