Topology = path
Number of nodes = 60
Optimal number of ADMs = 150
115 Lightpaths:
[0, 57]
[57, 59]
[0, 49]
[49, 51]
[51, 53]
[53, 57]
[0, 34]
[34, 59]
[0, 3]
[3, 43]
[43, 56]
[56, 57]
[0, 9]
[9, 16]
[16, 18]
[18, 53]
[53, 59]
[0, 1]
[1, 31]
[31, 41]
[41, 59]
[0, 38]
[38, 57]
[0, 33]
[33, 40]
[40, 58]
[58, 59]
[0, 2]
[2, 56]
[56, 59]
[0, 45]
[45, 55]
[55, 56]
[0, 15]
[15, 40]
[40, 42]
[42, 55]
[55, 59]
[0, 12]
[12, 53]
[0, 47]
[47, 49]
[49, 55]
[0, 6]
[6, 39]
[39, 41]
[41, 43]
[43, 59]
[0, 41]
[41, 42]
[42, 44]
[44, 56]
[56, 58]
[0, 32]
[32, 44]
[44, 45]
[45, 52]
[52, 58]
[0, 36]
[36, 58]
[0, 48]
[48, 55]
[55, 57]
[0, 24]
[24, 31]
[31, 54]
[54, 59]
[0, 43]
[43, 55]
[0, 7]
[7, 8]
[8, 52]
[52, 55]
[55, 58]
[0, 35]
[35, 59]
[0, 30]
[30, 57]
[0, 29]
[29, 59]
[0, 46]
[46, 51]
[51, 56]
[0, 18]
[18, 35]
[35, 52]
[52, 59]
[0, 28]
[28, 57]
[57, 58]
[0, 51]
[51, 58]
[0, 31]
[31, 49]
[49, 54]
[54, 55]
[0, 27]
[27, 34]
[34, 52]
[52, 53]
[0, 39]
[39, 54]
[0, 56]
[0, 11]
[11, 25]
[25, 39]
[39, 45]
[45, 47]
[47, 54]
[0, 26]
[26, 54]
[54, 57]
[0, 20]
[20, 33]
[33, 49]