Topology = path
Number of nodes = 50
Optimal number of ADMs = 80
60 Lightpaths:
[0, 45]
[45, 48]
[48, 49]
[0, 11]
[11, 35]
[35, 46]
[46, 49]
[0, 24]
[24, 42]
[42, 45]
[45, 46]
[46, 48]
[0, 46]
[46, 47]
[47, 48]
[0, 39]
[39, 44]
[44, 48]
[0, 48]
[0, 44]
[44, 47]
[47, 49]
[0, 13]
[13, 43]
[43, 44]
[44, 46]
[0, 47]
[0, 7]
[7, 46]
[0, 32]
[32, 33]
[33, 47]
[0, 30]
[30, 42]
[42, 46]
[0, 6]
[6, 21]
[21, 40]
[40, 41]
[41, 45]
[45, 49]
[0, 21]
[21, 29]
[29, 35]
[35, 38]
[38, 48]
[0, 37]
[37, 44]
[44, 45]
[0, 33]
[33, 39]
[39, 49]
[0, 19]
[19, 47]
[0, 42]
[42, 47]
[0, 3]
[3, 29]
[29, 48]
[0, 17]