Topology = path
Number of nodes = 100
Optimal number of ADMs = 118
95 Lightpaths:
[0, 37]
[37, 61]
[61, 74]
[74, 99]
[0, 91]
[91, 98]
[98, 99]
[0, 13]
[13, 33]
[33, 90]
[90, 93]
[93, 99]
[0, 83]
[83, 85]
[85, 97]
[97, 98]
[0, 88]
[88, 97]
[97, 99]
[0, 68]
[68, 93]
[93, 97]
[0, 65]
[65, 66]
[66, 99]
[0, 26]
[26, 85]
[85, 87]
[87, 89]
[89, 90]
[90, 97]
[0, 59]
[59, 82]
[82, 99]
[0, 77]
[77, 85]
[85, 92]
[92, 98]
[0, 69]
[69, 78]
[78, 88]
[88, 93]
[93, 94]
[94, 96]
[96, 98]
[0, 71]
[71, 92]
[92, 97]
[0, 76]
[76, 81]
[81, 96]
[96, 97]
[0, 62]
[62, 95]
[95, 96]
[96, 99]
[0, 61]
[61, 72]
[72, 80]
[80, 99]
[0, 66]
[66, 86]
[86, 92]
[92, 95]
[95, 99]
[0, 67]
[67, 83]
[83, 86]
[86, 96]
[0, 28]
[28, 32]
[32, 77]
[77, 86]
[86, 87]
[87, 99]
[0, 31]
[31, 95]
[95, 98]
[0, 80]
[80, 95]
[0, 19]
[19, 66]
[66, 81]
[81, 91]
[91, 97]
[0, 8]
[8, 84]
[84, 89]
[89, 94]
[94, 99]
[0, 22]
[22, 53]
[53, 73]
[73, 81]
[81, 85]