Topology = path
Number of nodes = 70
Optimal number of ADMs = 177
140 Lightpaths:
[0, 35]
[35, 69]
[0, 6]
[6, 15]
[15, 17]
[17, 18]
[18, 68]
[68, 69]
[0, 66]
[66, 67]
[67, 68]
[0, 43]
[43, 45]
[45, 54]
[54, 64]
[64, 66]
[66, 69]
[0, 36]
[36, 68]
[0, 32]
[32, 56]
[56, 64]
[64, 65]
[65, 67]
[67, 69]
[0, 21]
[21, 25]
[25, 45]
[45, 53]
[53, 60]
[60, 66]
[66, 68]
[0, 38]
[38, 39]
[39, 51]
[51, 62]
[62, 66]
[0, 31]
[31, 34]
[34, 49]
[49, 67]
[0, 30]
[30, 49]
[49, 61]
[61, 65]
[65, 68]
[0, 39]
[39, 41]
[41, 48]
[48, 51]
[51, 54]
[54, 68]
[0, 3]
[3, 10]
[10, 51]
[51, 65]
[65, 66]
[0, 56]
[56, 63]
[63, 67]
[0, 52]
[52, 69]
[0, 27]
[27, 28]
[28, 69]
[0, 16]
[16, 38]
[38, 64]
[64, 68]
[0, 42]
[42, 61]
[61, 66]
[0, 13]
[13, 46]
[46, 61]
[61, 64]
[64, 67]
[0, 40]
[40, 43]
[43, 53]
[53, 61]
[61, 63]
[63, 68]
[0, 45]
[45, 57]
[57, 58]
[58, 68]
[0, 29]
[29, 56]
[56, 61]
[61, 62]
[62, 67]
[0, 51]
[51, 59]
[59, 67]
[0, 9]
[9, 56]
[56, 59]
[59, 64]
[64, 69]
[0, 7]
[7, 46]
[46, 67]
[0, 19]
[19, 33]
[33, 51]
[51, 66]
[0, 14]
[14, 50]
[50, 64]
[0, 55]
[55, 66]
[0, 17]
[17, 52]
[52, 54]
[54, 66]
[0, 44]
[44, 56]
[56, 65]
[65, 69]
[0, 41]
[41, 50]
[50, 69]
[0, 50]
[50, 55]
[55, 64]
[0, 62]
[62, 65]
[0, 46]
[46, 58]
[58, 65]
[0, 64]
[0, 8]
[8, 66]
[0, 53]
[53, 57]
[57, 64]
[0, 4]
[4, 58]
[58, 61]