Topology = path
Number of nodes = 50
Optimal number of ADMs = 83
65 Lightpaths:
[0, 4]
[4, 27]
[27, 34]
[34, 43]
[43, 47]
[47, 48]
[48, 49]
[0, 25]
[25, 47]
[47, 49]
[0, 35]
[35, 36]
[36, 44]
[44, 47]
[0, 44]
[44, 49]
[0, 26]
[26, 48]
[0, 17]
[17, 26]
[26, 28]
[28, 31]
[31, 37]
[37, 48]
[0, 45]
[45, 48]
[0, 19]
[19, 49]
[0, 22]
[22, 38]
[38, 42]
[42, 45]
[45, 47]
[0, 6]
[6, 41]
[41, 48]
[0, 32]
[32, 37]
[37, 45]
[45, 46]
[46, 47]
[0, 16]
[16, 33]
[33, 47]
[0, 10]
[10, 33]
[33, 46]
[46, 49]
[0, 41]
[41, 49]
[0, 9]
[9, 13]
[13, 35]
[35, 41]
[41, 45]
[45, 49]
[0, 14]
[14, 20]
[20, 40]
[40, 46]
[0, 29]
[29, 41]
[41, 44]
[0, 42]
[42, 49]