Topology = path
Number of nodes = 90
Optimal number of ADMs = 161
130 Lightpaths:
[0, 53]
[53, 59]
[59, 85]
[85, 87]
[87, 89]
[0, 3]
[3, 11]
[11, 15]
[15, 21]
[21, 26]
[26, 65]
[65, 87]
[0, 25]
[25, 74]
[74, 89]
[0, 11]
[11, 51]
[51, 81]
[81, 82]
[82, 87]
[0, 10]
[10, 44]
[44, 68]
[68, 69]
[69, 88]
[88, 89]
[0, 89]
[0, 66]
[66, 81]
[81, 84]
[84, 85]
[85, 88]
[0, 88]
[0, 36]
[36, 63]
[63, 78]
[78, 84]
[84, 86]
[86, 89]
[0, 71]
[71, 85]
[85, 86]
[86, 88]
[0, 86]
[86, 87]
[87, 88]
[0, 6]
[6, 57]
[57, 58]
[58, 68]
[68, 86]
[0, 38]
[38, 55]
[55, 88]
[0, 5]
[5, 76]
[76, 78]
[78, 81]
[81, 87]
[0, 15]
[15, 36]
[36, 57]
[57, 77]
[77, 88]
[0, 37]
[37, 41]
[41, 62]
[62, 88]
[0, 9]
[9, 17]
[17, 65]
[65, 77]
[77, 82]
[82, 88]
[0, 78]
[78, 83]
[83, 87]
[0, 16]
[16, 41]
[41, 79]
[79, 82]
[82, 84]
[84, 87]
[0, 35]
[35, 62]
[62, 73]
[73, 87]
[0, 63]
[63, 77]
[77, 81]
[81, 88]
[0, 81]
[81, 85]
[85, 89]
[0, 8]
[8, 51]
[51, 66]
[66, 72]
[72, 88]
[0, 50]
[50, 54]
[54, 59]
[59, 67]
[67, 75]
[75, 77]
[77, 87]
[0, 58]
[58, 81]
[0, 46]
[46, 53]
[53, 73]
[73, 78]
[78, 86]
[0, 83]
[83, 85]
[0, 20]
[20, 41]
[41, 68]
[68, 75]
[75, 78]
[78, 85]
[0, 30]
[30, 87]
[0, 52]
[52, 56]
[56, 67]
[67, 78]
[78, 82]
[82, 86]
[0, 27]