Topology = path
Number of nodes = 90
Optimal number of ADMs = 170
135 Lightpaths:
[0, 60]
[60, 64]
[64, 65]
[65, 72]
[72, 83]
[83, 84]
[84, 87]
[87, 88]
[88, 89]
[0, 72]
[72, 87]
[87, 89]
[0, 65]
[65, 81]
[81, 88]
[0, 20]
[20, 56]
[56, 68]
[68, 78]
[78, 88]
[0, 68]
[68, 69]
[69, 87]
[0, 12]
[12, 82]
[82, 83]
[83, 89]
[0, 38]
[38, 67]
[67, 77]
[77, 78]
[78, 79]
[79, 89]
[0, 58]
[58, 74]
[74, 76]
[76, 81]
[81, 89]
[0, 69]
[69, 70]
[70, 71]
[71, 73]
[73, 75]
[75, 78]
[78, 81]
[0, 19]
[19, 27]
[27, 65]
[65, 80]
[80, 87]
[0, 43]
[43, 87]
[0, 82]
[82, 88]
[0, 35]
[35, 78]
[78, 85]
[85, 87]
[0, 25]
[25, 54]
[54, 88]
[0, 66]
[66, 69]
[69, 81]
[81, 87]
[0, 51]
[51, 87]
[0, 9]
[9, 48]
[48, 63]
[63, 72]
[72, 82]
[82, 84]
[84, 85]
[85, 86]
[86, 87]
[0, 7]
[7, 31]
[31, 42]
[42, 55]
[55, 78]
[78, 89]
[0, 41]
[41, 86]
[86, 88]
[0, 26]
[26, 87]
[0, 81]
[0, 76]
[76, 78]
[78, 87]
[0, 86]
[86, 89]
[0, 16]
[16, 53]
[53, 54]
[54, 89]
[0, 61]
[61, 89]
[0, 64]
[64, 74]
[74, 87]
[0, 77]
[77, 83]
[83, 86]
[0, 36]
[36, 75]
[75, 89]
[0, 63]
[63, 69]
[69, 86]
[0, 37]
[37, 41]
[41, 49]
[49, 71]
[71, 75]
[0, 55]
[55, 56]
[56, 58]
[58, 78]
[78, 83]
[0, 62]
[62, 63]
[63, 77]
[77, 79]
[79, 88]
[0, 40]
[40, 87]
[0, 75]
[75, 82]
[82, 89]
[0, 10]
[10, 49]
[49, 61]
[61, 71]