Topology = path
Number of nodes = 90
Optimal number of ADMs = 105
80 Lightpaths:
[0, 28]
[28, 70]
[70, 83]
[83, 84]
[84, 87]
[87, 88]
[88, 89]
[0, 54]
[54, 86]
[86, 87]
[87, 89]
[0, 14]
[14, 89]
[0, 84]
[84, 85]
[85, 87]
[0, 74]
[74, 89]
[0, 87]
[0, 50]
[50, 66]
[66, 87]
[0, 36]
[36, 46]
[46, 52]
[52, 80]
[80, 87]
[0, 41]
[41, 89]
[0, 72]
[72, 79]
[79, 85]
[85, 88]
[0, 65]
[65, 88]
[0, 73]
[73, 80]
[80, 89]
[0, 45]
[45, 86]
[86, 89]
[0, 52]
[52, 83]
[83, 86]
[0, 6]
[6, 64]
[64, 89]
[0, 71]
[71, 80]
[80, 88]
[0, 59]
[59, 86]
[0, 75]
[75, 76]
[76, 89]
[0, 13]
[13, 21]
[21, 65]
[65, 83]
[83, 88]
[0, 88]
[0, 53]
[53, 82]
[82, 89]
[0, 11]
[11, 46]
[46, 63]
[63, 80]
[80, 82]
[0, 24]
[24, 40]
[40, 63]
[63, 72]
[72, 89]
[0, 69]
[69, 86]
[0, 22]
[22, 40]
[40, 83]
[83, 85]