Topology = path
Number of nodes = 60
Optimal number of ADMs = 152
120 Lightpaths:
[0, 3]
[3, 14]
[14, 34]
[34, 56]
[56, 57]
[57, 59]
[0, 14]
[14, 40]
[40, 46]
[46, 56]
[56, 58]
[58, 59]
[0, 28]
[28, 56]
[0, 33]
[33, 36]
[36, 59]
[0, 55]
[55, 59]
[0, 48]
[48, 52]
[52, 55]
[55, 58]
[0, 32]
[32, 58]
[0, 54]
[54, 56]
[56, 59]
[0, 20]
[20, 43]
[43, 57]
[0, 27]
[27, 49]
[49, 51]
[51, 53]
[53, 55]
[55, 57]
[0, 50]
[50, 57]
[0, 34]
[34, 38]
[38, 49]
[49, 52]
[52, 58]
[0, 30]
[30, 56]
[0, 29]
[29, 53]
[53, 58]
[0, 10]
[10, 42]
[42, 43]
[43, 54]
[54, 55]
[55, 56]
[0, 31]
[31, 42]
[42, 45]
[45, 47]
[47, 55]
[0, 24]
[24, 32]
[32, 35]
[35, 53]
[53, 59]
[0, 52]
[52, 54]
[54, 59]
[0, 41]
[41, 46]
[46, 49]
[49, 57]
[0, 12]
[12, 25]
[25, 45]
[45, 53]
[53, 54]
[0, 5]
[5, 27]
[27, 33]
[33, 34]
[34, 44]
[44, 59]
[0, 17]
[17, 58]
[0, 58]
[0, 46]
[46, 48]
[48, 55]
[0, 35]
[35, 51]
[51, 59]
[0, 43]
[43, 50]
[50, 56]
[0, 1]
[1, 16]
[16, 39]
[39, 41]
[41, 55]
[0, 13]
[13, 45]
[45, 48]
[48, 53]
[0, 37]
[37, 41]
[41, 56]
[0, 18]
[18, 29]
[29, 47]
[47, 57]
[57, 58]
[0, 6]
[6, 30]
[30, 41]
[41, 49]
[49, 54]
[54, 58]
[0, 39]
[39, 58]