Topology = path
Number of nodes = 100
Optimal number of ADMs = 230
185 Lightpaths:
[0, 47]
[47, 63]
[63, 97]
[97, 98]
[98, 99]
[0, 68]
[68, 72]
[72, 91]
[91, 94]
[94, 99]
[0, 22]
[22, 94]
[94, 98]
[0, 73]
[73, 96]
[96, 98]
[0, 91]
[91, 99]
[0, 89]
[89, 96]
[96, 97]
[0, 90]
[90, 98]
[0, 21]
[21, 53]
[53, 90]
[90, 93]
[93, 98]
[0, 16]
[16, 82]
[82, 90]
[90, 96]
[0, 17]
[17, 55]
[55, 91]
[91, 92]
[92, 95]
[95, 96]
[0, 98]
[0, 7]
[7, 75]
[75, 95]
[95, 97]
[97, 99]
[0, 77]
[77, 91]
[91, 93]
[93, 97]
[0, 87]
[87, 96]
[0, 49]
[49, 59]
[59, 88]
[88, 99]
[0, 80]
[80, 93]
[93, 94]
[94, 95]
[95, 99]
[0, 1]
[1, 49]
[49, 62]
[62, 72]
[72, 99]
[0, 13]
[13, 74]
[74, 77]
[77, 88]
[88, 94]
[94, 97]
[0, 95]
[0, 55]
[55, 81]
[81, 91]
[91, 98]
[0, 26]
[26, 90]
[90, 94]
[94, 96]
[0, 54]
[54, 56]
[56, 60]
[60, 99]
[0, 46]
[46, 77]
[77, 98]
[0, 85]
[85, 86]
[86, 91]
[91, 95]
[0, 41]
[41, 65]
[65, 73]
[73, 80]
[80, 81]
[81, 86]
[86, 93]
[93, 95]
[95, 98]
[0, 62]
[62, 97]
[0, 71]
[71, 90]
[90, 95]
[0, 3]
[3, 8]
[8, 40]
[40, 78]
[78, 93]
[0, 82]
[82, 94]
[0, 38]
[38, 63]
[63, 95]
[0, 58]
[58, 88]
[88, 95]
[0, 84]
[84, 99]
[0, 43]
[43, 64]
[64, 91]
[0, 60]
[60, 73]
[73, 91]
[0, 45]
[45, 61]
[61, 64]
[64, 85]
[85, 87]
[87, 93]
[93, 99]
[0, 44]
[44, 90]
[90, 91]
[0, 9]
[9, 29]
[29, 33]
[33, 48]
[48, 77]
[77, 81]
[81, 85]
[85, 98]
[0, 24]
[24, 73]
[73, 81]
[81, 87]
[87, 92]
[92, 94]
[0, 33]
[33, 67]
[67, 83]
[83, 92]
[92, 96]
[96, 99]
[0, 34]
[34, 64]
[64, 71]
[71, 83]
[83, 88]
[88, 92]
[92, 99]
[0, 27]
[27, 48]
[48, 93]
[0, 25]
[25, 93]
[0, 28]
[28, 74]
[74, 80]
[80, 82]
[82, 91]
[91, 97]
[0, 50]
[50, 59]
[59, 72]
[72, 87]
[87, 91]
[91, 96]
[0, 42]
[42, 52]
[52, 55]
[55, 57]
[57, 63]
[63, 85]