Topology = path
Number of nodes = 100
Optimal number of ADMs = 163
130 Lightpaths:
[0, 89]
[89, 94]
[94, 98]
[98, 99]
[0, 98]
[0, 80]
[80, 98]
[0, 74]
[74, 75]
[75, 87]
[87, 95]
[95, 98]
[0, 73]
[73, 89]
[89, 95]
[95, 96]
[96, 98]
[0, 85]
[85, 98]
[0, 71]
[71, 75]
[75, 88]
[88, 91]
[91, 99]
[0, 88]
[88, 98]
[0, 34]
[34, 68]
[68, 84]
[84, 98]
[0, 95]
[95, 99]
[0, 39]
[39, 48]
[48, 55]
[55, 73]
[73, 93]
[93, 98]
[0, 65]
[65, 73]
[73, 77]
[77, 78]
[78, 99]
[0, 64]
[64, 99]
[0, 32]
[32, 46]
[46, 64]
[64, 94]
[94, 97]
[97, 99]
[0, 5]
[5, 16]
[16, 48]
[48, 94]
[94, 95]
[95, 97]
[0, 28]
[28, 37]
[37, 43]
[43, 64]
[64, 72]
[72, 99]
[0, 70]
[70, 91]
[91, 94]
[94, 99]
[0, 66]
[66, 87]
[87, 91]
[91, 97]
[97, 98]
[0, 4]
[4, 46]
[46, 55]
[55, 70]
[70, 92]
[92, 98]
[0, 92]
[92, 94]
[94, 96]
[96, 99]
[0, 26]
[26, 91]
[91, 95]
[0, 42]
[42, 97]
[0, 8]
[8, 76]
[76, 94]
[0, 3]
[3, 47]
[47, 69]
[69, 86]
[86, 87]
[87, 96]
[0, 84]
[84, 89]
[89, 98]
[0, 35]
[35, 72]
[72, 95]
[0, 20]
[20, 26]
[26, 53]
[53, 85]
[85, 88]
[88, 94]
[0, 47]
[47, 66]
[66, 92]
[92, 95]
[0, 58]
[58, 59]
[59, 78]
[78, 91]
[91, 93]
[93, 94]
[0, 44]
[44, 91]
[0, 38]
[38, 65]
[65, 66]
[66, 89]
[89, 90]
[90, 94]
[0, 53]
[53, 82]
[82, 94]
[0, 81]