Topology = path
Number of nodes = 100
Optimal number of ADMs = 149
120 Lightpaths:
[0, 87]
[87, 95]
[95, 99]
[0, 97]
[97, 98]
[98, 99]
[0, 67]
[67, 94]
[94, 97]
[97, 99]
[0, 22]
[22, 67]
[67, 96]
[96, 99]
[0, 82]
[82, 97]
[0, 79]
[79, 94]
[94, 95]
[0, 69]
[69, 81]
[81, 92]
[92, 98]
[0, 29]
[29, 76]
[76, 85]
[85, 87]
[87, 89]
[89, 94]
[94, 99]
[0, 52]
[52, 79]
[79, 85]
[85, 99]
[0, 89]
[89, 96]
[96, 98]
[0, 11]
[11, 90]
[90, 94]
[0, 50]
[50, 89]
[89, 91]
[91, 95]
[95, 98]
[0, 34]
[34, 93]
[93, 98]
[0, 37]
[37, 57]
[57, 95]
[0, 35]
[35, 89]
[89, 93]
[93, 96]
[96, 97]
[0, 43]
[43, 83]
[83, 98]
[0, 7]
[7, 71]
[71, 76]
[76, 81]
[81, 82]
[82, 84]
[84, 91]
[91, 93]
[93, 95]
[95, 97]
[0, 54]
[54, 86]
[86, 98]
[0, 39]
[39, 85]
[85, 93]
[93, 97]
[0, 60]
[60, 82]
[82, 85]
[85, 88]
[88, 95]
[0, 8]
[8, 18]
[18, 37]
[37, 73]
[73, 91]
[91, 97]
[0, 25]
[25, 78]
[78, 86]
[86, 94]
[0, 88]
[88, 98]
[0, 19]
[19, 23]
[23, 85]
[85, 90]
[90, 91]
[91, 92]
[92, 97]
[0, 15]
[15, 58]
[58, 73]
[73, 78]
[78, 82]
[82, 88]
[88, 99]
[0, 18]
[18, 69]
[69, 80]
[80, 85]
[85, 92]
[92, 94]
[0, 84]
[84, 97]
[0, 70]
[70, 76]
[76, 83]
[83, 97]
[0, 58]