Topology = path
Number of nodes = 60
Optimal number of ADMs = 120
95 Lightpaths:
[0, 11]
[11, 15]
[15, 24]
[24, 58]
[58, 59]
[0, 47]
[47, 53]
[53, 55]
[55, 58]
[0, 18]
[18, 53]
[53, 59]
[0, 5]
[5, 41]
[41, 54]
[54, 56]
[56, 58]
[0, 35]
[35, 50]
[50, 53]
[0, 38]
[38, 40]
[40, 50]
[50, 59]
[0, 29]
[29, 36]
[36, 43]
[43, 47]
[47, 58]
[0, 28]
[28, 57]
[57, 59]
[0, 32]
[32, 36]
[36, 44]
[44, 45]
[45, 50]
[50, 52]
[52, 53]
[53, 58]
[0, 13]
[13, 32]
[32, 51]
[51, 56]
[56, 57]
[57, 58]
[0, 12]
[12, 44]
[44, 50]
[50, 54]
[54, 59]
[0, 23]
[23, 39]
[39, 48]
[48, 52]
[52, 58]
[0, 39]
[39, 59]
[0, 16]
[16, 21]
[21, 49]
[49, 50]
[50, 51]
[51, 55]
[55, 59]
[0, 56]
[0, 51]
[51, 52]
[52, 56]
[56, 59]
[0, 30]
[30, 59]
[0, 31]
[31, 36]
[36, 58]
[0, 42]
[42, 53]
[0, 27]
[27, 43]
[43, 57]
[0, 40]
[40, 55]
[55, 57]
[0, 46]
[46, 48]
[48, 54]
[54, 57]
[0, 53]
[53, 57]
[0, 21]
[21, 53]
[53, 56]
[0, 24]
[24, 48]
[48, 53]