Topology = path
Number of nodes = 80
Optimal number of ADMs = 150
120 Lightpaths:
[0, 23]
[23, 58]
[58, 75]
[75, 79]
[0, 72]
[72, 73]
[73, 78]
[78, 79]
[0, 35]
[35, 52]
[52, 68]
[68, 72]
[72, 75]
[0, 20]
[20, 60]
[60, 74]
[74, 78]
[0, 48]
[48, 55]
[55, 64]
[64, 67]
[67, 78]
[0, 73]
[73, 79]
[0, 17]
[17, 26]
[26, 54]
[54, 56]
[56, 71]
[71, 75]
[75, 77]
[77, 79]
[0, 27]
[27, 75]
[75, 76]
[76, 79]
[0, 61]
[61, 77]
[0, 63]
[63, 71]
[71, 73]
[73, 75]
[75, 78]
[0, 57]
[57, 59]
[59, 66]
[66, 73]
[73, 76]
[0, 55]
[55, 65]
[65, 68]
[68, 79]
[0, 66]
[66, 70]
[70, 79]
[0, 71]
[71, 76]
[0, 75]
[0, 70]
[70, 73]
[73, 77]
[0, 62]
[62, 64]
[64, 69]
[69, 74]
[74, 75]
[0, 50]
[50, 62]
[62, 63]
[63, 74]
[74, 77]
[77, 78]
[0, 14]
[14, 63]
[63, 66]
[66, 78]
[0, 33]
[33, 62]
[62, 66]
[66, 74]
[74, 79]
[0, 78]
[0, 45]
[45, 57]
[57, 60]
[60, 71]
[71, 74]
[74, 76]
[76, 78]
[0, 44]
[44, 47]
[47, 48]
[48, 53]
[53, 79]
[0, 37]
[37, 74]
[0, 16]
[16, 25]
[25, 63]
[63, 64]
[64, 74]
[0, 43]
[43, 77]
[0, 12]
[12, 28]
[28, 56]
[56, 76]
[0, 28]
[28, 51]
[51, 52]
[52, 70]
[70, 78]
[0, 30]
[30, 33]
[33, 69]
[69, 79]
[0, 39]
[39, 58]
[58, 68]
[68, 73]