Topology = path
Number of nodes = 90
Optimal number of ADMs = 173
140 Lightpaths:
[0, 12]
[12, 51]
[51, 88]
[88, 89]
[0, 2]
[2, 67]
[67, 77]
[77, 79]
[79, 84]
[84, 88]
[0, 80]
[80, 82]
[82, 88]
[0, 60]
[60, 82]
[82, 86]
[86, 89]
[0, 41]
[41, 53]
[53, 73]
[73, 84]
[84, 87]
[87, 89]
[0, 7]
[7, 31]
[31, 47]
[47, 54]
[54, 66]
[66, 79]
[79, 80]
[80, 87]
[87, 88]
[0, 15]
[15, 84]
[84, 89]
[0, 3]
[3, 22]
[22, 29]
[29, 59]
[59, 63]
[63, 84]
[84, 85]
[85, 87]
[0, 19]
[19, 39]
[39, 40]
[40, 53]
[53, 71]
[71, 77]
[77, 88]
[0, 51]
[51, 77]
[77, 81]
[81, 84]
[0, 8]
[8, 29]
[29, 79]
[79, 85]
[85, 89]
[0, 48]
[48, 79]
[79, 83]
[83, 89]
[0, 34]
[34, 64]
[64, 65]
[65, 73]
[73, 74]
[74, 76]
[76, 82]
[82, 84]
[0, 84]
[0, 39]
[39, 54]
[54, 89]
[0, 69]
[69, 85]
[85, 86]
[0, 11]
[11, 49]
[49, 71]
[71, 72]
[72, 81]
[81, 83]
[0, 31]
[31, 79]
[79, 86]
[86, 88]
[0, 33]
[33, 40]
[40, 70]
[70, 71]
[71, 73]
[73, 81]
[81, 86]
[0, 76]
[76, 87]
[0, 49]
[49, 85]
[85, 88]
[0, 78]
[78, 81]
[81, 87]
[0, 61]
[61, 78]
[78, 85]
[0, 44]
[44, 62]
[62, 72]
[72, 88]
[0, 21]
[21, 81]
[81, 82]
[82, 87]
[0, 77]
[77, 84]
[0, 16]
[16, 25]
[25, 75]
[75, 87]
[0, 83]
[83, 86]
[86, 87]
[0, 68]
[68, 74]
[74, 82]
[82, 89]
[0, 42]
[42, 66]
[66, 74]
[74, 80]
[80, 85]
[0, 74]
[74, 77]
[77, 82]
[82, 85]
[0, 81]
[81, 85]
[0, 32]
[32, 33]