Topology = path
Number of nodes = 70
Optimal number of ADMs = 102
80 Lightpaths:
[0, 23]
[23, 56]
[56, 65]
[65, 67]
[67, 69]
[0, 65]
[65, 66]
[66, 69]
[0, 49]
[49, 53]
[53, 69]
[0, 31]
[31, 59]
[59, 64]
[64, 68]
[68, 69]
[0, 1]
[1, 25]
[25, 63]
[63, 66]
[0, 34]
[34, 49]
[49, 50]
[50, 57]
[57, 59]
[59, 65]
[65, 69]
[0, 62]
[62, 69]
[0, 39]
[39, 68]
[0, 28]
[28, 30]
[30, 38]
[38, 40]
[40, 58]
[58, 59]
[59, 66]
[0, 46]
[46, 51]
[51, 68]
[0, 2]
[2, 9]
[9, 43]
[43, 60]
[60, 68]
[0, 67]
[67, 68]
[0, 9]
[9, 65]
[65, 68]
[0, 5]
[5, 20]
[20, 26]
[26, 34]
[34, 68]
[0, 18]
[18, 26]
[26, 66]
[0, 11]
[11, 67]
[0, 13]
[13, 38]
[38, 69]
[0, 33]
[33, 44]
[44, 68]
[0, 25]
[25, 48]
[48, 61]
[61, 66]
[66, 68]
[0, 51]
[51, 67]
[0, 4]
[4, 23]
[23, 52]
[52, 63]
[63, 65]
[0, 37]