Topology = path
Number of nodes = 60
Optimal number of ADMs = 79
65 Lightpaths:
[0, 37]
[37, 38]
[38, 41]
[41, 56]
[56, 58]
[58, 59]
[0, 35]
[35, 37]
[37, 53]
[53, 57]
[57, 58]
[0, 53]
[53, 58]
[0, 50]
[50, 55]
[55, 57]
[57, 59]
[0, 47]
[47, 51]
[51, 58]
[0, 40]
[40, 49]
[49, 51]
[51, 53]
[53, 56]
[56, 59]
[0, 22]
[22, 31]
[31, 48]
[48, 57]
[0, 3]
[3, 38]
[38, 45]
[45, 48]
[48, 51]
[51, 52]
[52, 56]
[56, 57]
[0, 55]
[55, 56]
[0, 14]
[14, 17]
[17, 46]
[46, 47]
[47, 48]
[48, 52]
[52, 59]
[0, 7]
[7, 49]
[49, 52]
[52, 57]
[0, 59]
[0, 15]
[15, 16]
[16, 27]
[27, 32]
[32, 55]
[55, 59]
[0, 2]
[2, 29]
[29, 30]
[30, 35]
[35, 47]
[47, 52]
[52, 55]