Topology = path
Number of nodes = 80
Optimal number of ADMs = 165
130 Lightpaths:
[0, 21]
[21, 48]
[48, 74]
[74, 75]
[75, 78]
[78, 79]
[0, 66]
[66, 74]
[74, 79]
[0, 50]
[50, 74]
[0, 73]
[73, 79]
[0, 34]
[34, 71]
[71, 79]
[0, 20]
[20, 48]
[48, 72]
[72, 73]
[73, 74]
[74, 76]
[76, 78]
[0, 29]
[29, 34]
[34, 48]
[48, 50]
[50, 54]
[54, 72]
[72, 76]
[76, 79]
[0, 75]
[75, 77]
[77, 78]
[0, 33]
[33, 64]
[64, 65]
[65, 73]
[73, 78]
[0, 14]
[14, 67]
[67, 69]
[69, 72]
[72, 78]
[0, 31]
[31, 65]
[65, 72]
[72, 77]
[77, 79]
[0, 71]
[71, 77]
[0, 76]
[76, 77]
[0, 13]
[13, 78]
[0, 51]
[51, 77]
[0, 6]
[6, 52]
[52, 53]
[53, 72]
[72, 75]
[75, 76]
[0, 52]
[52, 54]
[54, 77]
[0, 2]
[2, 28]
[28, 67]
[67, 70]
[70, 75]
[75, 79]
[0, 37]
[37, 74]
[74, 77]
[0, 17]
[17, 24]
[24, 69]
[69, 73]
[0, 10]
[10, 12]
[12, 55]
[55, 58]
[58, 76]
[0, 54]
[54, 75]
[0, 56]
[56, 66]
[66, 72]
[72, 74]
[0, 9]
[9, 73]
[73, 76]
[0, 22]
[22, 58]
[58, 60]
[60, 68]
[68, 76]
[0, 53]
[53, 60]
[60, 70]
[70, 76]
[0, 55]
[55, 67]
[67, 77]
[0, 61]
[61, 79]
[0, 68]
[68, 70]
[70, 79]
[0, 40]
[40, 75]
[0, 35]
[35, 61]
[61, 65]
[65, 70]
[70, 77]
[0, 69]
[69, 74]
[74, 78]
[0, 1]
[1, 58]
[58, 70]
[70, 71]
[71, 74]
[0, 62]
[62, 68]
[68, 79]
[0, 28]
[28, 31]