Topology = path
Number of nodes = 90
Optimal number of ADMs = 75
60 Lightpaths:
[0, 71]
[71, 79]
[79, 81]
[81, 84]
[84, 85]
[85, 88]
[88, 89]
[0, 68]
[68, 89]
[0, 74]
[74, 77]
[77, 85]
[85, 89]
[0, 8]
[8, 59]
[59, 60]
[60, 62]
[62, 70]
[70, 71]
[71, 82]
[82, 84]
[84, 87]
[87, 88]
[0, 58]
[58, 69]
[69, 76]
[76, 85]
[0, 57]
[57, 63]
[63, 69]
[69, 71]
[71, 80]
[80, 83]
[83, 85]
[85, 87]
[0, 87]
[87, 89]
[0, 88]
[0, 82]
[82, 88]
[0, 42]
[42, 87]
[0, 56]
[56, 65]
[65, 74]
[74, 87]
[0, 40]
[40, 56]
[56, 87]
[0, 4]
[4, 22]
[22, 45]
[45, 81]
[81, 85]
[0, 62]
[62, 65]
[65, 86]
[86, 89]
[0, 19]
[19, 75]