Topology = path
Number of nodes = 80
Optimal number of ADMs = 189
150 Lightpaths:
[0, 66]
[66, 69]
[69, 73]
[73, 77]
[77, 79]
[0, 43]
[43, 71]
[71, 77]
[77, 78]
[78, 79]
[0, 72]
[72, 75]
[75, 76]
[76, 77]
[0, 56]
[56, 62]
[62, 66]
[66, 76]
[76, 79]
[0, 5]
[5, 19]
[19, 48]
[48, 65]
[65, 74]
[74, 78]
[0, 24]
[24, 67]
[67, 79]
[0, 79]
[0, 58]
[58, 59]
[59, 62]
[62, 71]
[71, 79]
[0, 44]
[44, 70]
[70, 75]
[75, 79]
[0, 78]
[0, 55]
[55, 59]
[59, 69]
[69, 70]
[70, 71]
[71, 76]
[0, 76]
[0, 64]
[64, 67]
[67, 69]
[69, 75]
[0, 53]
[53, 69]
[69, 76]
[0, 4]
[4, 48]
[48, 78]
[0, 6]
[6, 34]
[34, 53]
[53, 54]
[54, 58]
[58, 62]
[62, 75]
[75, 77]
[0, 30]
[30, 61]
[61, 75]
[0, 73]
[73, 75]
[0, 47]
[47, 65]
[65, 71]
[71, 75]
[75, 78]
[0, 1]
[1, 18]
[18, 71]
[71, 72]
[72, 74]
[74, 76]
[0, 69]
[69, 74]
[74, 77]
[0, 12]
[12, 47]
[47, 49]
[49, 55]
[55, 68]
[68, 70]
[70, 78]
[0, 35]
[35, 52]
[52, 67]
[67, 75]
[0, 42]
[42, 52]
[52, 64]
[64, 65]
[65, 66]
[66, 70]
[70, 72]
[72, 78]
[0, 32]
[32, 35]
[35, 67]
[67, 77]
[0, 18]
[18, 73]
[73, 74]
[74, 75]
[0, 36]
[36, 67]
[67, 71]
[71, 74]
[0, 70]
[70, 79]
[0, 3]
[3, 21]
[21, 47]
[47, 76]
[0, 40]
[40, 51]
[51, 54]
[54, 72]
[72, 77]
[0, 15]
[15, 73]
[73, 78]
[0, 16]
[16, 41]
[41, 77]
[0, 77]
[0, 8]
[8, 66]
[66, 74]
[74, 79]
[0, 49]
[49, 73]
[73, 76]
[76, 78]
[0, 34]
[34, 52]
[52, 72]
[0, 33]
[33, 57]
[57, 79]
[0, 23]
[23, 50]
[50, 77]
[0, 28]