Topology = path
Number of nodes = 60
Optimal number of ADMs = 88
70 Lightpaths:
[0, 6]
[6, 14]
[14, 36]
[36, 56]
[56, 59]
[0, 52]
[52, 55]
[55, 56]
[56, 57]
[57, 58]
[58, 59]
[0, 5]
[5, 18]
[18, 29]
[29, 36]
[36, 51]
[51, 53]
[53, 56]
[0, 38]
[38, 51]
[51, 54]
[54, 59]
[0, 34]
[34, 41]
[41, 56]
[56, 58]
[0, 41]
[41, 55]
[55, 59]
[0, 58]
[0, 49]
[49, 57]
[57, 59]
[0, 36]
[36, 58]
[0, 4]
[4, 33]
[33, 47]
[47, 55]
[0, 48]
[48, 59]
[0, 15]
[15, 26]
[26, 31]
[31, 41]
[41, 52]
[52, 54]
[54, 56]
[0, 31]
[31, 39]
[39, 52]
[52, 59]
[0, 35]
[35, 54]
[0, 47]
[47, 54]
[0, 29]
[29, 41]
[41, 51]
[51, 56]
[0, 10]
[10, 11]
[11, 19]
[19, 21]
[21, 47]
[47, 57]
[0, 24]
[24, 36]
[36, 45]
[45, 53]