Topology = path
Number of nodes = 60
Optimal number of ADMs = 101
80 Lightpaths:
[0, 16]
[16, 58]
[58, 59]
[0, 56]
[56, 59]
[0, 28]
[28, 56]
[56, 57]
[57, 58]
[0, 48]
[48, 52]
[52, 54]
[54, 59]
[0, 54]
[54, 58]
[0, 44]
[44, 52]
[52, 57]
[57, 59]
[0, 50]
[50, 51]
[51, 52]
[52, 58]
[0, 21]
[21, 46]
[46, 57]
[0, 42]
[42, 53]
[53, 59]
[0, 20]
[20, 47]
[47, 58]
[0, 19]
[19, 39]
[39, 51]
[51, 55]
[55, 57]
[0, 26]
[26, 36]
[36, 37]
[37, 45]
[45, 50]
[50, 58]
[0, 18]
[18, 52]
[52, 53]
[53, 56]
[0, 22]
[22, 47]
[47, 59]
[0, 3]
[3, 39]
[39, 48]
[48, 50]
[50, 59]
[0, 30]
[30, 36]
[36, 47]
[47, 55]
[55, 58]
[0, 52]
[52, 55]
[55, 59]
[0, 38]
[38, 50]
[50, 55]
[55, 56]
[56, 58]
[0, 10]
[10, 47]
[47, 56]
[0, 5]
[5, 21]
[21, 43]
[43, 50]
[50, 56]
[0, 36]
[36, 39]
[39, 42]
[42, 52]