Topology = path
Number of nodes = 30
Optimal number of ADMs = 82
60 Lightpaths:
[0, 7]
[7, 26]
[26, 27]
[27, 28]
[28, 29]
[0, 19]
[19, 27]
[27, 29]
[0, 6]
[6, 16]
[16, 28]
[0, 12]
[12, 24]
[24, 27]
[0, 20]
[20, 21]
[21, 27]
[0, 16]
[16, 24]
[24, 26]
[26, 28]
[0, 25]
[25, 27]
[0, 10]
[10, 27]
[0, 14]
[14, 22]
[22, 26]
[0, 17]
[17, 28]
[0, 27]
[0, 28]
[0, 23]
[23, 26]
[26, 29]
[0, 26]
[0, 3]
[3, 8]
[8, 23]
[23, 25]
[25, 29]
[0, 24]
[24, 25]
[25, 26]
[0, 13]
[13, 14]
[14, 20]
[20, 25]
[0, 5]
[5, 28]
[0, 21]
[21, 29]
[0, 18]
[18, 26]
[0, 22]
[22, 25]
[25, 28]
[0, 15]
[15, 18]
[18, 28]