Topology = path
Number of nodes = 60
Optimal number of ADMs = 95
75 Lightpaths:
[0, 32]
[32, 38]
[38, 43]
[43, 48]
[48, 50]
[50, 51]
[51, 56]
[56, 57]
[57, 58]
[58, 59]
[0, 10]
[10, 25]
[25, 49]
[49, 59]
[0, 22]
[22, 38]
[38, 53]
[53, 59]
[0, 17]
[17, 52]
[52, 56]
[56, 59]
[0, 18]
[18, 27]
[27, 56]
[0, 3]
[3, 34]
[34, 57]
[57, 59]
[0, 7]
[7, 28]
[28, 47]
[47, 58]
[0, 13]
[13, 27]
[27, 28]
[28, 50]
[50, 53]
[0, 56]
[56, 58]
[0, 14]
[14, 55]
[55, 58]
[0, 42]
[42, 51]
[51, 55]
[55, 59]
[0, 37]
[37, 45]
[45, 59]
[0, 9]
[9, 51]
[51, 57]
[0, 50]
[50, 57]
[0, 23]
[23, 55]
[0, 33]
[33, 44]
[44, 49]
[0, 39]
[39, 50]
[50, 54]
[54, 58]
[0, 34]
[34, 48]
[48, 59]
[0, 8]
[8, 27]
[27, 54]
[54, 56]
[0, 44]
[44, 54]
[54, 55]
[55, 57]