Topology = path
Number of nodes = 80
Optimal number of ADMs = 182
140 Lightpaths:
[0, 28]
[28, 70]
[70, 78]
[78, 79]
[0, 15]
[15, 36]
[36, 67]
[67, 70]
[70, 74]
[74, 75]
[75, 77]
[77, 78]
[0, 62]
[62, 69]
[69, 73]
[73, 77]
[77, 79]
[0, 9]
[9, 73]
[73, 76]
[76, 79]
[0, 22]
[22, 49]
[49, 53]
[53, 75]
[75, 79]
[0, 38]
[38, 57]
[57, 62]
[62, 78]
[0, 39]
[39, 79]
[0, 47]
[47, 57]
[57, 79]
[0, 5]
[5, 72]
[72, 75]
[0, 31]
[31, 45]
[45, 71]
[71, 76]
[76, 77]
[0, 60]
[60, 63]
[63, 71]
[71, 79]
[0, 59]
[59, 79]
[0, 77]
[0, 12]
[12, 68]
[68, 72]
[72, 77]
[0, 2]
[2, 10]
[10, 17]
[17, 78]
[0, 45]
[45, 63]
[63, 78]
[0, 49]
[49, 51]
[51, 63]
[63, 64]
[64, 69]
[69, 74]
[74, 78]
[0, 67]
[67, 79]
[0, 4]
[4, 30]
[30, 69]
[69, 79]
[0, 66]
[66, 76]
[0, 25]
[25, 53]
[53, 64]
[64, 79]
[0, 69]
[69, 75]
[75, 78]
[0, 46]
[46, 52]
[52, 66]
[66, 73]
[73, 78]
[0, 29]
[29, 62]
[62, 63]
[63, 72]
[72, 78]
[0, 53]
[53, 76]
[0, 65]
[65, 78]
[0, 57]
[57, 72]
[72, 74]
[74, 76]
[76, 78]
[0, 56]
[56, 79]
[0, 76]
[0, 48]
[48, 56]
[56, 62]
[62, 75]
[75, 76]
[0, 44]
[44, 55]
[55, 70]
[70, 77]
[0, 63]
[63, 76]
[0, 75]
[0, 40]
[40, 77]
[0, 74]
[0, 78]
[0, 10]
[10, 77]
[0, 6]
[6, 56]
[56, 78]
[0, 27]
[27, 47]
[47, 78]
[0, 34]
[34, 59]
[0, 16]
[16, 34]
[34, 35]
[35, 69]
[69, 77]
[0, 54]
[54, 59]
[59, 74]
[74, 77]