Topology = path
Number of nodes = 90
Optimal number of ADMs = 105
85 Lightpaths:
[0, 27]
[27, 30]
[30, 81]
[81, 82]
[82, 88]
[88, 89]
[0, 26]
[26, 60]
[60, 61]
[61, 79]
[79, 84]
[84, 87]
[87, 88]
[0, 21]
[21, 83]
[83, 87]
[87, 89]
[0, 55]
[55, 77]
[77, 78]
[78, 81]
[81, 83]
[83, 89]
[0, 19]
[19, 72]
[72, 82]
[82, 85]
[85, 87]
[0, 52]
[52, 61]
[61, 88]
[0, 68]
[68, 87]
[0, 10]
[10, 18]
[18, 46]
[46, 62]
[62, 82]
[82, 83]
[83, 88]
[0, 28]
[28, 43]
[43, 68]
[68, 73]
[73, 89]
[0, 85]
[85, 86]
[86, 89]
[0, 45]
[45, 56]
[56, 68]
[68, 80]
[80, 83]
[83, 86]
[86, 87]
[0, 73]
[0, 79]
[79, 88]
[0, 22]
[22, 41]
[41, 67]
[67, 83]
[83, 85]
[85, 89]
[0, 65]
[65, 66]
[66, 86]
[0, 63]
[63, 67]
[67, 71]
[71, 86]
[0, 29]
[29, 45]
[45, 75]
[75, 76]
[76, 86]
[0, 56]
[56, 67]
[67, 76]
[76, 81]
[81, 87]
[0, 89]
[0, 1]
[1, 62]
[62, 64]