Topology = path
Number of nodes = 90
Optimal number of ADMs = 126
100 Lightpaths:
[0, 39]
[39, 52]
[52, 84]
[84, 88]
[88, 89]
[0, 41]
[41, 51]
[51, 84]
[84, 89]
[0, 51]
[51, 63]
[63, 84]
[0, 27]
[27, 79]
[79, 83]
[83, 84]
[84, 87]
[87, 89]
[0, 7]
[7, 75]
[75, 85]
[85, 86]
[86, 89]
[0, 64]
[64, 86]
[86, 88]
[0, 45]
[45, 76]
[76, 77]
[77, 81]
[81, 89]
[0, 81]
[81, 84]
[84, 85]
[85, 89]
[0, 35]
[35, 71]
[71, 84]
[84, 86]
[0, 32]
[32, 74]
[74, 85]
[85, 87]
[0, 78]
[78, 87]
[0, 87]
[0, 6]
[6, 32]
[32, 58]
[58, 69]
[69, 87]
[0, 15]
[15, 80]
[80, 89]
[0, 71]
[71, 81]
[81, 85]
[85, 88]
[0, 76]
[76, 82]
[82, 86]
[86, 87]
[87, 88]
[0, 56]
[56, 59]
[59, 64]
[64, 78]
[78, 83]
[83, 85]
[0, 18]
[18, 83]
[83, 89]
[0, 14]
[14, 21]
[21, 39]
[39, 87]
[0, 59]
[59, 78]
[78, 89]
[0, 60]
[60, 70]
[70, 82]
[82, 84]
[0, 9]
[9, 30]
[30, 62]
[62, 68]
[68, 72]
[72, 85]
[0, 48]
[48, 74]
[74, 82]
[82, 88]
[0, 80]
[80, 83]
[83, 88]
[0, 84]
[0, 28]
[28, 38]
[38, 65]