Topology = path
Number of nodes = 70
Optimal number of ADMs = 93
75 Lightpaths:
[0, 8]
[8, 36]
[36, 41]
[41, 68]
[68, 69]
[0, 27]
[27, 61]
[61, 67]
[67, 69]
[0, 57]
[57, 65]
[65, 69]
[0, 40]
[40, 55]
[55, 68]
[0, 39]
[39, 52]
[52, 55]
[55, 57]
[57, 60]
[60, 62]
[62, 69]
[0, 13]
[13, 33]
[33, 64]
[64, 69]
[0, 65]
[65, 68]
[0, 61]
[61, 68]
[0, 46]
[46, 49]
[49, 54]
[54, 55]
[55, 56]
[56, 58]
[58, 65]
[65, 67]
[67, 68]
[0, 60]
[60, 68]
[0, 34]
[34, 55]
[55, 63]
[63, 65]
[65, 66]
[66, 69]
[0, 48]
[48, 65]
[0, 41]
[41, 56]
[56, 61]
[61, 64]
[64, 67]
[0, 32]
[32, 41]
[41, 51]
[51, 54]
[54, 57]
[57, 62]
[62, 67]
[0, 1]
[1, 30]
[30, 68]
[0, 47]
[47, 63]
[63, 68]
[0, 14]
[14, 24]
[24, 39]
[39, 62]
[62, 66]
[66, 67]
[0, 50]
[50, 69]