Topology = path
Number of nodes = 70
Optimal number of ADMs = 115
90 Lightpaths:
[0, 38]
[38, 65]
[65, 67]
[67, 68]
[68, 69]
[0, 46]
[46, 57]
[57, 64]
[64, 69]
[0, 59]
[59, 66]
[66, 68]
[0, 20]
[20, 58]
[58, 63]
[63, 66]
[66, 67]
[67, 69]
[0, 2]
[2, 69]
[0, 69]
[0, 49]
[49, 58]
[58, 66]
[66, 69]
[0, 33]
[33, 65]
[65, 68]
[0, 34]
[34, 54]
[54, 63]
[63, 68]
[0, 50]
[50, 69]
[0, 65]
[65, 66]
[0, 45]
[45, 59]
[59, 67]
[0, 27]
[27, 29]
[29, 59]
[59, 68]
[0, 17]
[17, 28]
[28, 30]
[30, 68]
[0, 61]
[61, 62]
[62, 67]
[0, 53]
[53, 55]
[55, 56]
[56, 59]
[59, 61]
[61, 69]
[0, 14]
[14, 28]
[28, 42]
[42, 64]
[64, 66]
[0, 66]
[0, 15]
[15, 21]
[21, 57]
[57, 63]
[63, 69]
[0, 60]
[60, 65]
[65, 69]
[0, 10]
[10, 66]
[0, 23]
[23, 61]
[61, 68]
[0, 37]
[37, 56]
[56, 60]
[60, 67]
[0, 8]
[8, 9]
[9, 32]
[32, 49]
[49, 60]
[60, 69]
[0, 18]
[18, 51]
[51, 55]
[55, 59]
[59, 62]