Topology = path
Number of nodes = 100
Optimal number of ADMs = 105
85 Lightpaths:
[0, 25]
[25, 49]
[49, 96]
[96, 97]
[97, 98]
[98, 99]
[0, 54]
[54, 94]
[94, 96]
[96, 99]
[0, 9]
[9, 85]
[85, 99]
[0, 44]
[44, 75]
[75, 83]
[83, 96]
[0, 3]
[3, 52]
[52, 54]
[54, 62]
[62, 83]
[83, 98]
[0, 99]
[0, 27]
[27, 39]
[39, 45]
[45, 73]
[73, 81]
[81, 88]
[88, 89]
[89, 90]
[90, 99]
[0, 47]
[47, 52]
[52, 91]
[91, 94]
[94, 98]
[0, 22]
[22, 35]
[35, 66]
[66, 84]
[84, 98]
[0, 81]
[81, 96]
[96, 98]
[0, 90]
[90, 95]
[95, 97]
[97, 99]
[0, 61]
[61, 84]
[84, 95]
[95, 98]
[0, 80]
[80, 82]
[82, 95]
[95, 99]
[0, 23]
[23, 92]
[92, 95]
[95, 96]
[0, 70]
[70, 71]
[71, 98]
[0, 92]
[92, 93]
[93, 99]
[0, 86]
[86, 99]
[0, 8]
[8, 85]
[85, 87]
[87, 88]
[88, 90]
[90, 94]
[94, 99]
[0, 11]
[11, 24]
[24, 58]
[58, 82]
[82, 90]
[90, 96]
[0, 66]
[66, 73]