Topology = path
Number of nodes = 80
Optimal number of ADMs = 200
155 Lightpaths:
[0, 46]
[46, 71]
[71, 78]
[78, 79]
[0, 66]
[66, 72]
[72, 79]
[0, 7]
[7, 59]
[59, 73]
[73, 74]
[74, 78]
[0, 79]
[0, 11]
[11, 18]
[18, 38]
[38, 76]
[76, 78]
[0, 71]
[71, 79]
[0, 77]
[77, 78]
[0, 50]
[50, 76]
[76, 77]
[77, 79]
[0, 59]
[59, 68]
[68, 69]
[69, 79]
[0, 5]
[5, 57]
[57, 79]
[0, 68]
[68, 79]
[0, 27]
[27, 47]
[47, 65]
[65, 69]
[69, 75]
[75, 76]
[0, 2]
[2, 73]
[73, 76]
[76, 79]
[0, 39]
[39, 65]
[65, 76]
[0, 25]
[25, 77]
[0, 22]
[22, 50]
[50, 57]
[57, 73]
[73, 79]
[0, 15]
[15, 23]
[23, 48]
[48, 77]
[0, 18]
[18, 68]
[68, 70]
[70, 76]
[0, 53]
[53, 77]
[0, 8]
[8, 47]
[47, 79]
[0, 36]
[36, 59]
[59, 66]
[66, 73]
[73, 75]
[75, 78]
[0, 23]
[23, 35]
[35, 78]
[0, 13]
[13, 75]
[75, 79]
[0, 21]
[21, 29]
[29, 63]
[63, 66]
[66, 74]
[74, 75]
[75, 77]
[0, 41]
[41, 61]
[61, 78]
[0, 1]
[1, 42]
[42, 53]
[53, 62]
[62, 68]
[68, 77]
[0, 73]
[0, 49]
[49, 65]
[65, 79]
[0, 52]
[52, 65]
[65, 68]
[68, 76]
[0, 4]
[4, 20]
[20, 54]
[54, 65]
[65, 73]
[73, 78]
[0, 63]
[63, 78]
[0, 76]
[0, 44]
[44, 57]
[57, 66]
[66, 67]
[67, 74]
[74, 76]
[0, 28]
[28, 31]
[31, 34]
[34, 43]
[43, 78]
[0, 35]
[35, 67]
[67, 78]
[0, 19]
[19, 72]
[72, 75]
[0, 64]
[64, 74]
[74, 77]
[0, 62]
[62, 76]
[0, 57]
[57, 67]
[67, 76]
[0, 78]
[0, 20]
[20, 23]
[23, 58]
[58, 63]
[63, 77]
[0, 65]
[65, 71]
[71, 74]
[74, 79]
[0, 26]
[26, 35]
[35, 56]
[56, 77]
[0, 74]
[0, 42]
[42, 51]