Topology = path
Number of nodes = 50
Optimal number of ADMs = 126
95 Lightpaths:
[0, 8]
[8, 48]
[48, 49]
[0, 33]
[33, 37]
[37, 48]
[0, 39]
[39, 47]
[47, 48]
[0, 42]
[42, 47]
[47, 49]
[0, 16]
[16, 38]
[38, 44]
[44, 47]
[0, 15]
[15, 31]
[31, 47]
[0, 20]
[20, 44]
[44, 48]
[0, 34]
[34, 41]
[41, 48]
[0, 35]
[35, 47]
[0, 37]
[37, 38]
[38, 40]
[40, 49]
[0, 13]
[13, 28]
[28, 42]
[42, 46]
[46, 47]
[0, 18]
[18, 39]
[39, 40]
[40, 47]
[0, 31]
[31, 37]
[37, 44]
[44, 45]
[45, 47]
[0, 40]
[0, 9]
[9, 14]
[14, 38]
[38, 42]
[42, 45]
[45, 49]
[0, 14]
[14, 39]
[39, 44]
[44, 46]
[46, 48]
[0, 28]
[28, 44]
[0, 36]
[36, 42]
[42, 49]
[0, 45]
[45, 46]
[46, 49]
[0, 47]
[0, 2]
[2, 43]
[43, 47]
[0, 29]
[29, 39]
[39, 49]
[0, 49]
[0, 48]
[0, 23]
[23, 37]
[37, 41]
[41, 44]
[0, 10]
[10, 21]
[21, 37]
[37, 42]
[42, 48]
[0, 22]
[22, 31]
[31, 44]
[0, 30]
[30, 46]
[0, 1]
[1, 15]
[15, 42]
[0, 43]
[43, 45]
[0, 32]
[32, 48]