Topology = path
Number of nodes = 70
Optimal number of ADMs = 111
85 Lightpaths:
[0, 1]
[1, 64]
[64, 67]
[67, 69]
[0, 59]
[59, 60]
[60, 64]
[64, 65]
[65, 68]
[68, 69]
[0, 23]
[23, 31]
[31, 53]
[53, 69]
[0, 57]
[57, 64]
[64, 68]
[0, 39]
[39, 68]
[0, 55]
[55, 67]
[0, 69]
[0, 36]
[36, 68]
[0, 9]
[9, 43]
[43, 57]
[57, 68]
[0, 10]
[10, 18]
[18, 58]
[58, 68]
[0, 68]
[0, 26]
[26, 33]
[33, 46]
[46, 66]
[66, 68]
[0, 4]
[4, 32]
[32, 41]
[41, 43]
[43, 46]
[46, 51]
[51, 67]
[67, 68]
[0, 44]
[44, 64]
[64, 69]
[0, 28]
[28, 60]
[60, 69]
[0, 53]
[53, 56]
[56, 64]
[64, 66]
[66, 67]
[0, 58]
[58, 67]
[0, 43]
[43, 66]
[66, 69]
[0, 45]
[45, 52]
[52, 53]
[53, 55]
[55, 59]
[59, 64]
[0, 3]
[3, 41]
[41, 61]
[61, 66]
[0, 63]
[63, 68]
[0, 21]
[21, 65]
[65, 67]
[0, 27]
[27, 42]
[42, 67]
[0, 51]
[51, 53]
[0, 48]
[48, 69]
[0, 67]