Topology = path
Number of nodes = 100
Optimal number of ADMs = 157
125 Lightpaths:
[0, 95]
[95, 97]
[97, 99]
[0, 52]
[52, 60]
[60, 89]
[89, 98]
[98, 99]
[0, 20]
[20, 55]
[55, 96]
[96, 98]
[0, 1]
[1, 95]
[95, 99]
[0, 51]
[51, 99]
[0, 63]
[63, 76]
[76, 90]
[90, 93]
[93, 95]
[95, 96]
[96, 97]
[97, 98]
[0, 66]
[66, 88]
[88, 98]
[0, 31]
[31, 42]
[42, 59]
[59, 86]
[86, 90]
[90, 99]
[0, 73]
[73, 94]
[94, 96]
[96, 99]
[0, 38]
[38, 54]
[54, 69]
[69, 75]
[75, 78]
[78, 95]
[95, 98]
[0, 59]
[59, 92]
[92, 97]
[0, 62]
[62, 78]
[78, 98]
[0, 40]
[40, 43]
[43, 98]
[0, 13]
[13, 95]
[0, 71]
[71, 83]
[83, 89]
[89, 92]
[92, 95]
[0, 54]
[54, 95]
[0, 79]
[79, 91]
[91, 94]
[94, 97]
[0, 23]
[23, 60]
[60, 91]
[91, 97]
[0, 53]
[53, 77]
[77, 87]
[87, 98]
[0, 90]
[90, 94]
[94, 95]
[0, 68]
[68, 89]
[89, 90]
[90, 98]
[0, 15]
[15, 72]
[72, 75]
[75, 86]
[86, 97]
[0, 86]
[86, 91]
[91, 93]
[93, 98]
[0, 58]
[58, 88]
[88, 97]
[0, 57]
[57, 83]
[83, 96]
[0, 80]
[80, 91]
[91, 99]
[0, 10]
[10, 40]
[40, 71]
[71, 88]
[88, 94]
[94, 98]
[0, 78]
[78, 87]
[87, 96]
[0, 28]
[28, 54]
[54, 59]
[59, 95]
[0, 9]
[9, 38]
[38, 75]
[75, 95]
[0, 4]
[4, 5]
[5, 60]
[60, 69]
[69, 70]
[70, 81]
[81, 99]
[0, 37]