Topology = path
Number of nodes = 60
Optimal number of ADMs = 144
110 Lightpaths:
[0, 15]
[15, 57]
[57, 58]
[58, 59]
[0, 38]
[38, 45]
[45, 52]
[52, 56]
[56, 57]
[57, 59]
[0, 21]
[21, 58]
[0, 25]
[25, 53]
[53, 55]
[55, 59]
[0, 32]
[32, 41]
[41, 53]
[53, 54]
[54, 59]
[0, 11]
[11, 47]
[47, 51]
[51, 54]
[0, 41]
[41, 54]
[54, 58]
[0, 37]
[37, 46]
[46, 57]
[0, 14]
[14, 50]
[50, 57]
[0, 43]
[43, 56]
[56, 59]
[0, 42]
[42, 54]
[54, 55]
[55, 56]
[0, 5]
[5, 9]
[9, 58]
[0, 52]
[52, 55]
[0, 18]
[18, 36]
[36, 57]
[0, 55]
[55, 57]
[0, 2]
[2, 3]
[3, 8]
[8, 15]
[15, 40]
[40, 59]
[0, 19]
[19, 32]
[32, 46]
[46, 58]
[0, 40]
[40, 49]
[49, 55]
[55, 58]
[0, 12]
[12, 14]
[14, 54]
[0, 59]
[0, 4]
[4, 15]
[15, 16]
[16, 56]
[56, 58]
[0, 8]
[8, 39]
[39, 49]
[49, 54]
[54, 57]
[0, 53]
[53, 56]
[0, 58]
[0, 57]
[0, 6]
[6, 11]
[11, 32]
[32, 47]
[47, 57]
[0, 54]
[0, 28]
[28, 39]
[39, 52]
[52, 54]
[0, 47]
[47, 52]
[0, 51]
[51, 58]
[0, 46]
[46, 52]
[52, 57]
[0, 29]
[29, 52]
[52, 53]
[53, 58]
[0, 31]
[31, 53]
[53, 59]
[0, 39]
[39, 44]
[44, 51]