Topology = path
Number of nodes = 60
Optimal number of ADMs = 61
50 Lightpaths:
[0, 43]
[43, 50]
[50, 58]
[58, 59]
[0, 58]
[0, 35]
[35, 36]
[36, 39]
[39, 42]
[42, 57]
[57, 58]
[0, 28]
[28, 44]
[44, 53]
[53, 54]
[54, 58]
[0, 17]
[17, 29]
[29, 37]
[37, 59]
[0, 38]
[38, 43]
[43, 46]
[46, 51]
[51, 55]
[55, 58]
[0, 33]
[33, 34]
[34, 41]
[41, 49]
[49, 55]
[55, 59]
[0, 18]
[18, 43]
[43, 56]
[56, 57]
[57, 59]
[0, 1]
[1, 4]
[4, 32]
[32, 45]
[45, 52]
[52, 54]
[54, 56]
[56, 59]
[0, 44]
[44, 49]
[49, 51]
[51, 57]
[0, 16]