Topology = path
Number of nodes = 100
Optimal number of ADMs = 129
105 Lightpaths:
[0, 18]
[18, 32]
[32, 38]
[38, 80]
[80, 97]
[97, 98]
[98, 99]
[0, 83]
[83, 98]
[0, 21]
[21, 53]
[53, 96]
[96, 98]
[0, 94]
[94, 97]
[97, 99]
[0, 14]
[14, 23]
[23, 44]
[44, 65]
[65, 70]
[70, 89]
[89, 95]
[95, 96]
[96, 97]
[0, 61]
[61, 90]
[90, 95]
[95, 98]
[0, 65]
[65, 91]
[91, 96]
[96, 99]
[0, 1]
[1, 56]
[56, 79]
[79, 89]
[89, 94]
[94, 95]
[95, 99]
[0, 40]
[40, 94]
[94, 99]
[0, 35]
[35, 85]
[85, 88]
[88, 89]
[89, 90]
[90, 94]
[94, 96]
[0, 23]
[23, 39]
[39, 40]
[40, 78]
[78, 92]
[92, 94]
[94, 98]
[0, 42]
[42, 83]
[83, 87]
[87, 96]
[0, 53]
[53, 86]
[86, 95]
[95, 97]
[0, 77]
[77, 82]
[82, 95]
[0, 81]
[81, 85]
[85, 87]
[87, 94]
[0, 59]
[59, 96]
[0, 11]
[11, 49]
[49, 63]
[63, 89]
[89, 92]
[92, 97]
[0, 24]
[24, 43]
[43, 49]
[49, 52]
[52, 86]
[86, 96]
[0, 38]
[38, 81]
[81, 95]
[0, 87]
[87, 93]
[93, 94]
[0, 93]
[93, 97]
[0, 88]
[88, 91]
[91, 92]
[92, 96]
[0, 84]
[84, 88]
[88, 90]
[90, 96]
[0, 2]
[2, 49]
[49, 81]