Topology = path
Number of nodes = 80
Optimal number of ADMs = 93
75 Lightpaths:
[0, 5]
[5, 48]
[48, 72]
[72, 78]
[78, 79]
[0, 50]
[50, 53]
[53, 57]
[57, 71]
[71, 79]
[0, 35]
[35, 64]
[64, 78]
[0, 27]
[27, 49]
[49, 53]
[53, 55]
[55, 73]
[73, 79]
[0, 16]
[16, 47]
[47, 79]
[0, 64]
[64, 70]
[70, 73]
[73, 76]
[76, 79]
[0, 25]
[25, 60]
[60, 65]
[65, 78]
[0, 39]
[39, 57]
[57, 64]
[64, 73]
[73, 77]
[77, 78]
[0, 79]
[0, 28]
[28, 55]
[55, 79]
[0, 40]
[40, 55]
[55, 71]
[71, 72]
[72, 75]
[75, 77]
[77, 79]
[0, 7]
[7, 37]
[37, 75]
[75, 78]
[0, 20]
[20, 73]
[73, 75]
[75, 79]
[0, 69]
[69, 70]
[70, 71]
[71, 77]
[0, 38]
[38, 55]
[55, 61]
[61, 74]
[74, 78]
[0, 1]
[1, 54]
[54, 60]
[60, 79]
[0, 33]
[33, 34]
[34, 70]
[70, 74]
[74, 79]
[0, 78]