Topology = path
Number of nodes = 60
Optimal number of ADMs = 129
100 Lightpaths:
[0, 22]
[22, 47]
[47, 48]
[48, 59]
[0, 11]
[11, 29]
[29, 38]
[38, 39]
[39, 45]
[45, 58]
[58, 59]
[0, 58]
[0, 9]
[9, 14]
[14, 48]
[48, 58]
[0, 36]
[36, 43]
[43, 55]
[55, 58]
[0, 46]
[46, 51]
[51, 54]
[54, 55]
[55, 56]
[56, 57]
[57, 59]
[0, 24]
[24, 28]
[28, 31]
[31, 34]
[34, 41]
[41, 54]
[54, 58]
[0, 41]
[41, 52]
[52, 56]
[56, 59]
[0, 57]
[57, 58]
[0, 51]
[51, 56]
[56, 58]
[0, 16]
[16, 24]
[24, 36]
[36, 53]
[53, 54]
[54, 59]
[0, 5]
[5, 32]
[32, 52]
[52, 59]
[0, 17]
[17, 44]
[44, 48]
[48, 55]
[55, 59]
[0, 8]
[8, 27]
[27, 53]
[53, 59]
[0, 30]
[30, 58]
[0, 29]
[29, 43]
[43, 57]
[0, 21]
[21, 55]
[0, 25]
[25, 45]
[45, 57]
[0, 10]
[10, 51]
[51, 59]
[0, 52]
[52, 58]
[0, 13]
[13, 32]
[32, 40]
[40, 49]
[49, 56]
[0, 59]
[0, 34]
[34, 58]
[0, 50]
[50, 57]
[0, 35]
[35, 38]
[38, 55]
[0, 53]
[53, 57]
[0, 48]
[48, 53]
[53, 55]
[0, 33]
[33, 51]
[51, 53]
[53, 56]
[0, 12]