Topology = path
Number of nodes = 50
Optimal number of ADMs = 91
70 Lightpaths:
[0, 35]
[35, 38]
[38, 39]
[39, 44]
[44, 46]
[46, 49]
[0, 18]
[18, 37]
[37, 41]
[41, 46]
[46, 48]
[48, 49]
[0, 43]
[43, 49]
[0, 9]
[9, 37]
[37, 46]
[0, 37]
[37, 44]
[44, 49]
[0, 49]
[0, 44]
[44, 47]
[47, 49]
[0, 25]
[25, 32]
[32, 39]
[39, 46]
[46, 47]
[0, 28]
[28, 40]
[40, 45]
[45, 49]
[0, 45]
[0, 42]
[42, 43]
[0, 6]
[6, 11]
[11, 44]
[44, 45]
[0, 13]
[13, 29]
[29, 40]
[40, 48]
[0, 47]
[47, 48]
[0, 7]
[7, 17]
[17, 32]
[32, 37]
[37, 47]
[0, 41]
[41, 47]
[0, 11]
[11, 19]
[19, 46]
[0, 4]
[4, 18]
[18, 33]
[33, 46]
[0, 14]
[14, 24]
[24, 40]
[40, 41]
[41, 49]
[0, 40]
[40, 46]
[0, 3]
[3, 18]
[18, 23]