Topology = path
Number of nodes = 100
Optimal number of ADMs = 98
80 Lightpaths:
[0, 12]
[12, 25]
[25, 99]
[0, 30]
[30, 62]
[62, 68]
[68, 96]
[96, 98]
[98, 99]
[0, 94]
[94, 97]
[97, 98]
[0, 90]
[90, 97]
[97, 99]
[0, 77]
[77, 80]
[80, 86]
[86, 98]
[0, 83]
[83, 88]
[88, 89]
[89, 95]
[95, 97]
[0, 28]
[28, 82]
[82, 89]
[89, 91]
[91, 99]
[0, 23]
[23, 80]
[80, 93]
[93, 94]
[94, 96]
[96, 99]
[0, 52]
[52, 64]
[64, 83]
[83, 89]
[89, 93]
[93, 96]
[0, 1]
[1, 28]
[28, 48]
[48, 69]
[69, 93]
[93, 95]
[95, 99]
[0, 86]
[86, 94]
[94, 99]
[0, 29]
[29, 60]
[60, 79]
[79, 88]
[88, 95]
[95, 96]
[0, 79]
[79, 97]
[0, 11]
[11, 46]
[46, 75]
[75, 92]
[92, 95]
[95, 98]
[0, 67]
[67, 80]
[80, 99]
[0, 21]
[21, 99]
[0, 39]
[39, 79]
[79, 80]
[80, 85]
[85, 99]
[0, 18]
[18, 25]
[25, 75]
[75, 82]
[82, 84]