Topology = path
Number of nodes = 90
Optimal number of ADMs = 121
95 Lightpaths:
[0, 12]
[12, 74]
[74, 75]
[75, 78]
[78, 89]
[0, 48]
[48, 68]
[68, 83]
[83, 85]
[85, 86]
[86, 87]
[87, 89]
[0, 36]
[36, 77]
[77, 83]
[83, 84]
[84, 89]
[0, 75]
[75, 77]
[77, 78]
[78, 81]
[81, 89]
[0, 64]
[64, 65]
[65, 88]
[88, 89]
[0, 23]
[23, 80]
[80, 87]
[0, 22]
[22, 87]
[87, 88]
[0, 41]
[41, 66]
[66, 88]
[0, 55]
[55, 61]
[61, 65]
[65, 70]
[70, 73]
[73, 86]
[86, 88]
[0, 57]
[57, 87]
[0, 70]
[70, 75]
[75, 85]
[85, 88]
[0, 37]
[37, 72]
[72, 81]
[81, 88]
[0, 44]
[44, 70]
[70, 83]
[83, 87]
[0, 14]
[14, 68]
[68, 73]
[73, 78]
[78, 83]
[83, 88]
[0, 7]
[7, 76]
[76, 83]
[83, 89]
[0, 86]
[0, 56]
[56, 89]
[0, 71]
[71, 87]
[0, 85]
[85, 89]
[0, 83]
[83, 86]
[0, 9]
[9, 20]
[20, 73]
[73, 81]
[81, 87]
[0, 3]
[3, 33]
[33, 86]
[86, 89]
[0, 15]
[15, 53]
[53, 84]
[84, 88]
[0, 31]
[31, 75]
[75, 87]
[0, 35]
[35, 84]
[0, 77]
[77, 87]