Topology = path
Number of nodes = 60
Optimal number of ADMs = 135
105 Lightpaths:
[0, 10]
[10, 42]
[42, 44]
[44, 59]
[0, 50]
[50, 54]
[54, 57]
[57, 58]
[58, 59]
[0, 9]
[9, 52]
[52, 58]
[0, 53]
[53, 54]
[54, 59]
[0, 52]
[52, 57]
[57, 59]
[0, 28]
[28, 54]
[54, 55]
[55, 57]
[0, 54]
[0, 59]
[0, 44]
[44, 54]
[54, 56]
[56, 58]
[0, 25]
[25, 29]
[29, 30]
[30, 31]
[31, 45]
[45, 47]
[47, 53]
[53, 57]
[0, 35]
[35, 53]
[53, 55]
[55, 59]
[0, 33]
[33, 56]
[56, 59]
[0, 23]
[23, 53]
[53, 56]
[56, 57]
[0, 12]
[12, 18]
[18, 50]
[50, 55]
[0, 37]
[37, 56]
[0, 29]
[29, 50]
[50, 53]
[53, 58]
[0, 24]
[24, 55]
[55, 56]
[0, 56]
[0, 6]
[6, 28]
[28, 39]
[39, 43]
[43, 53]
[53, 59]
[0, 13]
[13, 45]
[45, 52]
[52, 59]
[0, 41]
[41, 59]
[0, 46]
[46, 52]
[52, 56]
[0, 38]
[38, 46]
[46, 47]
[47, 48]
[48, 52]
[52, 55]
[0, 31]
[31, 50]
[50, 51]
[51, 57]
[0, 8]
[8, 19]
[19, 36]
[36, 42]
[42, 54]
[0, 51]
[51, 59]
[0, 15]
[15, 23]
[23, 56]
[0, 7]
[7, 33]
[33, 54]
[0, 40]
[40, 53]
[0, 22]
[22, 32]
[32, 49]
[49, 52]