Topology = path
Number of nodes = 100
Optimal number of ADMs = 75
60 Lightpaths:
[0, 93]
[93, 98]
[98, 99]
[0, 82]
[82, 88]
[88, 89]
[89, 97]
[97, 98]
[0, 83]
[83, 87]
[87, 99]
[0, 91]
[91, 99]
[0, 66]
[66, 70]
[70, 79]
[79, 90]
[90, 94]
[94, 95]
[95, 96]
[96, 99]
[0, 88]
[88, 94]
[94, 99]
[0, 74]
[74, 83]
[83, 84]
[84, 98]
[0, 76]
[76, 86]
[86, 91]
[0, 9]
[9, 87]
[87, 95]
[95, 99]
[0, 3]
[3, 99]
[0, 67]
[67, 70]
[70, 75]
[75, 84]
[84, 90]
[90, 99]
[0, 15]
[15, 40]
[40, 82]
[82, 86]
[86, 89]
[89, 99]
[0, 36]
[36, 68]
[68, 73]
[73, 88]
[88, 98]
[0, 16]
[16, 99]
[0, 58]
[58, 84]
[84, 89]
[89, 91]