Topology = path
Number of nodes = 70
Optimal number of ADMs = 157
120 Lightpaths:
[0, 49]
[49, 63]
[63, 65]
[65, 68]
[68, 69]
[0, 38]
[38, 47]
[47, 65]
[65, 69]
[0, 47]
[47, 66]
[66, 67]
[67, 68]
[0, 10]
[10, 67]
[67, 69]
[0, 67]
[0, 60]
[60, 63]
[63, 69]
[0, 69]
[0, 32]
[32, 47]
[47, 59]
[59, 66]
[66, 68]
[0, 39]
[39, 57]
[57, 67]
[0, 9]
[9, 46]
[46, 59]
[59, 69]
[0, 5]
[5, 38]
[38, 60]
[60, 69]
[0, 45]
[45, 68]
[0, 58]
[58, 66]
[66, 69]
[0, 3]
[3, 47]
[47, 48]
[48, 58]
[58, 67]
[0, 16]
[16, 69]
[0, 44]
[44, 68]
[0, 48]
[48, 55]
[55, 68]
[0, 28]
[28, 48]
[48, 63]
[63, 67]
[0, 23]
[23, 57]
[57, 66]
[0, 20]
[20, 69]
[0, 14]
[14, 61]
[61, 68]
[0, 64]
[64, 65]
[65, 66]
[0, 41]
[41, 44]
[44, 56]
[56, 64]
[64, 68]
[0, 63]
[63, 64]
[64, 67]
[0, 18]
[18, 38]
[38, 54]
[54, 60]
[0, 25]
[25, 43]
[43, 60]
[60, 66]
[0, 61]
[61, 64]
[64, 66]
[0, 33]
[33, 37]
[37, 38]
[38, 55]
[55, 56]
[56, 69]
[0, 51]
[51, 55]
[55, 67]
[0, 6]
[6, 34]
[34, 40]
[40, 67]
[0, 12]
[12, 68]
[0, 42]
[42, 55]
[55, 60]
[0, 56]
[56, 60]
[60, 61]
[61, 63]
[63, 66]
[0, 36]
[36, 42]
[42, 46]
[46, 66]
[0, 65]
[65, 67]
[0, 19]
[19, 66]
[0, 68]