Topology = path
Number of nodes = 80
Optimal number of ADMs = 136
110 Lightpaths:
[0, 35]
[35, 54]
[54, 57]
[57, 60]
[60, 68]
[68, 75]
[75, 77]
[77, 79]
[0, 68]
[68, 79]
[0, 41]
[41, 63]
[63, 64]
[64, 77]
[77, 78]
[78, 79]
[0, 26]
[26, 70]
[70, 73]
[73, 75]
[75, 79]
[0, 15]
[15, 51]
[51, 66]
[66, 68]
[0, 3]
[3, 58]
[58, 77]
[0, 72]
[72, 75]
[75, 76]
[76, 78]
[0, 58]
[58, 60]
[60, 76]
[76, 79]
[0, 47]
[47, 79]
[0, 28]
[28, 54]
[54, 65]
[65, 79]
[0, 29]
[29, 47]
[47, 57]
[57, 74]
[74, 78]
[0, 62]
[62, 69]
[69, 79]
[0, 20]
[20, 23]
[23, 36]
[36, 67]
[67, 68]
[68, 76]
[76, 77]
[0, 53]
[53, 66]
[66, 69]
[0, 7]
[7, 54]
[54, 60]
[60, 78]
[0, 5]
[5, 65]
[65, 67]
[67, 77]
[0, 40]
[40, 50]
[50, 55]
[55, 73]
[73, 79]
[0, 9]
[9, 19]
[19, 24]
[24, 32]
[32, 61]
[61, 71]
[71, 73]
[73, 74]
[74, 77]
[0, 12]
[12, 77]
[0, 31]
[31, 33]
[33, 49]
[49, 53]
[53, 58]
[58, 71]
[71, 77]
[0, 24]
[24, 47]
[47, 59]
[59, 63]
[63, 73]
[0, 8]
[8, 17]
[17, 72]
[72, 79]
[0, 70]
[70, 76]
[0, 78]
[0, 34]
[34, 58]
[58, 66]
[66, 76]
[0, 10]
[10, 31]
[31, 77]