Topology = path
Number of nodes = 100
Optimal number of ADMs = 170
140 Lightpaths:
[0, 12]
[12, 19]
[19, 27]
[27, 31]
[31, 56]
[56, 69]
[69, 83]
[83, 99]
[0, 25]
[25, 98]
[98, 99]
[0, 57]
[57, 87]
[87, 92]
[92, 94]
[94, 98]
[0, 79]
[79, 98]
[0, 53]
[53, 69]
[69, 91]
[91, 98]
[0, 56]
[56, 82]
[82, 86]
[86, 96]
[96, 97]
[97, 99]
[0, 6]
[6, 43]
[43, 76]
[76, 86]
[86, 88]
[88, 98]
[0, 23]
[23, 97]
[97, 98]
[0, 90]
[90, 94]
[94, 95]
[95, 99]
[0, 19]
[19, 59]
[59, 84]
[84, 93]
[93, 94]
[94, 96]
[96, 98]
[0, 64]
[64, 70]
[70, 73]
[73, 74]
[74, 92]
[92, 93]
[93, 95]
[95, 98]
[0, 10]
[10, 57]
[57, 82]
[82, 88]
[88, 89]
[89, 97]
[0, 15]
[15, 38]
[38, 47]
[47, 49]
[49, 84]
[84, 88]
[88, 94]
[94, 97]
[0, 61]
[61, 74]
[74, 79]
[79, 94]
[94, 99]
[0, 27]
[27, 49]
[49, 75]
[75, 83]
[83, 98]
[0, 1]
[1, 31]
[31, 67]
[67, 91]
[91, 94]
[0, 2]
[2, 95]
[95, 97]
[0, 71]
[71, 86]
[86, 97]
[0, 72]
[72, 92]
[92, 95]
[0, 80]
[80, 96]
[96, 99]
[0, 18]
[18, 50]
[50, 94]
[0, 51]
[51, 90]
[90, 95]
[95, 96]
[0, 24]
[24, 49]
[49, 62]
[62, 81]
[81, 82]
[82, 84]
[84, 91]
[91, 93]
[93, 99]
[0, 96]
[0, 30]
[30, 59]
[59, 86]
[86, 90]
[90, 98]
[0, 62]
[62, 70]
[70, 87]
[87, 91]
[91, 92]
[92, 98]
[0, 4]
[4, 45]
[45, 51]
[51, 84]
[84, 97]
[0, 43]
[43, 57]
[57, 75]
[75, 89]
[89, 93]
[93, 97]
[0, 65]
[65, 85]
[85, 97]
[0, 93]