Topology = path
Number of nodes = 100
Optimal number of ADMs = 251
200 Lightpaths:
[0, 66]
[66, 90]
[90, 99]
[0, 96]
[96, 97]
[97, 99]
[0, 95]
[95, 98]
[98, 99]
[0, 76]
[76, 86]
[86, 92]
[92, 98]
[0, 68]
[68, 88]
[88, 94]
[94, 95]
[95, 96]
[96, 98]
[0, 56]
[56, 97]
[97, 98]
[0, 13]
[13, 93]
[93, 96]
[96, 99]
[0, 8]
[8, 53]
[53, 94]
[94, 99]
[0, 88]
[88, 91]
[91, 95]
[95, 99]
[0, 87]
[87, 88]
[88, 99]
[0, 26]
[26, 77]
[77, 89]
[89, 95]
[0, 71]
[71, 73]
[73, 74]
[74, 90]
[90, 96]
[0, 85]
[85, 88]
[88, 92]
[92, 99]
[0, 91]
[91, 98]
[0, 4]
[4, 27]
[27, 31]
[31, 83]
[83, 90]
[90, 95]
[95, 97]
[0, 74]
[74, 75]
[75, 97]
[0, 94]
[94, 97]
[0, 48]
[48, 97]
[0, 7]
[7, 55]
[55, 63]
[63, 71]
[71, 81]
[81, 95]
[0, 1]
[1, 44]
[44, 90]
[90, 97]
[0, 65]
[65, 66]
[66, 82]
[82, 85]
[85, 96]
[0, 57]
[57, 89]
[89, 92]
[92, 94]
[0, 16]
[16, 65]
[65, 81]
[81, 94]
[0, 27]
[27, 72]
[72, 94]
[0, 36]
[36, 64]
[64, 80]
[80, 95]
[0, 30]
[30, 67]
[67, 90]
[90, 98]
[0, 42]
[42, 82]
[82, 89]
[89, 97]
[0, 9]
[9, 10]
[10, 90]
[90, 91]
[91, 92]
[92, 93]
[93, 99]
[0, 83]
[83, 94]
[0, 47]
[47, 52]
[52, 79]
[79, 85]
[85, 98]
[0, 53]
[53, 97]
[0, 29]
[29, 68]
[68, 84]
[84, 94]
[0, 49]
[49, 64]
[64, 65]
[65, 67]
[67, 78]
[78, 87]
[87, 92]
[92, 96]
[0, 86]
[86, 88]
[88, 97]
[0, 81]
[81, 93]
[0, 19]
[19, 50]
[50, 70]
[70, 79]
[79, 98]
[0, 54]
[54, 68]
[68, 77]
[77, 97]
[0, 38]
[38, 44]
[44, 92]
[0, 98]
[0, 25]
[25, 30]
[30, 35]
[35, 91]
[91, 96]
[0, 5]
[5, 21]
[21, 29]
[29, 53]
[53, 76]
[76, 92]
[92, 95]
[0, 21]
[21, 36]
[36, 77]
[77, 80]
[80, 98]
[0, 43]
[43, 87]
[87, 97]
[0, 3]
[3, 14]
[14, 42]
[42, 68]
[68, 74]
[74, 86]
[86, 94]
[94, 98]
[0, 61]
[61, 97]
[0, 75]
[75, 90]
[90, 92]
[0, 46]
[46, 82]
[82, 97]
[0, 90]
[90, 94]
[0, 58]
[58, 95]
[0, 28]
[28, 53]
[53, 65]
[65, 91]
[91, 94]
[94, 96]
[0, 45]
[45, 59]
[59, 63]
[63, 70]