Topology = path
Number of nodes = 80
Optimal number of ADMs = 124
100 Lightpaths:
[0, 54]
[54, 55]
[55, 76]
[76, 77]
[77, 79]
[0, 71]
[71, 77]
[77, 78]
[78, 79]
[0, 35]
[35, 51]
[51, 77]
[0, 34]
[34, 72]
[72, 77]
[0, 10]
[10, 17]
[17, 48]
[48, 67]
[67, 75]
[75, 76]
[76, 79]
[0, 19]
[19, 55]
[55, 68]
[68, 76]
[0, 3]
[3, 50]
[50, 60]
[60, 74]
[74, 78]
[0, 53]
[53, 56]
[56, 62]
[62, 72]
[72, 74]
[74, 79]
[0, 9]
[9, 56]
[56, 74]
[74, 77]
[0, 11]
[11, 46]
[46, 69]
[69, 78]
[0, 15]
[15, 61]
[61, 64]
[64, 65]
[65, 69]
[69, 79]
[0, 62]
[62, 73]
[73, 75]
[75, 77]
[0, 30]
[30, 77]
[0, 4]
[4, 39]
[39, 45]
[45, 60]
[60, 64]
[64, 66]
[66, 79]
[0, 60]
[60, 75]
[75, 78]
[0, 65]
[65, 74]
[74, 76]
[0, 1]
[1, 3]
[3, 24]
[24, 46]
[46, 70]
[70, 76]
[76, 78]
[0, 59]
[59, 69]
[69, 74]
[0, 72]
[72, 76]
[0, 64]
[64, 74]
[74, 75]
[75, 79]
[0, 51]
[51, 71]
[71, 72]
[72, 75]
[0, 40]
[40, 53]
[53, 59]
[59, 63]
[63, 73]
[73, 76]
[0, 23]
[23, 55]
[55, 77]
[0, 47]