Topology = path
Number of nodes = 100
Optimal number of ADMs = 62
50 Lightpaths:
[0, 39]
[39, 52]
[52, 79]
[79, 89]
[89, 94]
[94, 99]
[0, 45]
[45, 97]
[97, 98]
[98, 99]
[0, 47]
[47, 54]
[54, 62]
[62, 79]
[79, 95]
[95, 96]
[96, 99]
[0, 77]
[77, 82]
[82, 97]
[97, 99]
[0, 37]
[37, 61]
[61, 80]
[80, 99]
[0, 10]
[10, 59]
[59, 64]
[64, 83]
[83, 93]
[93, 96]
[0, 92]
[92, 95]
[95, 98]
[0, 51]
[51, 73]
[73, 94]
[0, 54]
[54, 96]
[96, 97]
[0, 21]
[21, 96]
[0, 63]
[63, 64]
[64, 88]
[88, 95]
[95, 97]
[0, 49]
[49, 79]
[79, 84]