Topology = path
Number of nodes = 100
Optimal number of ADMs = 112
90 Lightpaths:
[0, 73]
[73, 91]
[91, 92]
[92, 99]
[0, 95]
[95, 99]
[0, 7]
[7, 13]
[13, 30]
[30, 42]
[42, 51]
[51, 57]
[57, 72]
[72, 85]
[85, 95]
[95, 98]
[98, 99]
[0, 6]
[6, 72]
[72, 98]
[0, 93]
[93, 94]
[94, 99]
[0, 66]
[66, 84]
[84, 96]
[96, 97]
[97, 99]
[0, 41]
[41, 66]
[66, 77]
[77, 96]
[96, 98]
[0, 39]
[39, 96]
[0, 52]
[52, 63]
[63, 91]
[91, 93]
[93, 95]
[95, 96]
[96, 99]
[0, 79]
[79, 84]
[84, 99]
[0, 20]
[20, 98]
[0, 89]
[89, 91]
[91, 97]
[0, 86]
[86, 93]
[93, 97]
[97, 98]
[0, 42]
[42, 65]
[65, 83]
[83, 95]
[95, 97]
[0, 38]
[38, 66]
[66, 94]
[94, 95]
[0, 27]
[27, 80]
[80, 97]
[0, 11]
[11, 41]
[41, 47]
[47, 78]
[78, 91]
[91, 99]
[0, 33]
[33, 39]
[39, 97]
[0, 44]
[44, 85]
[85, 98]
[0, 17]
[17, 20]
[20, 32]
[32, 93]
[93, 98]
[0, 3]
[3, 44]
[44, 93]
[93, 99]
[0, 80]
[80, 85]
[85, 99]