Topology = path
Number of nodes = 80
Optimal number of ADMs = 186
145 Lightpaths:
[0, 21]
[21, 54]
[54, 79]
[0, 11]
[11, 23]
[23, 55]
[55, 72]
[72, 76]
[76, 78]
[78, 79]
[0, 70]
[70, 72]
[72, 77]
[77, 79]
[0, 10]
[10, 66]
[66, 79]
[0, 62]
[62, 70]
[70, 75]
[75, 77]
[77, 78]
[0, 29]
[29, 55]
[55, 78]
[0, 79]
[0, 78]
[0, 25]
[25, 62]
[62, 68]
[68, 73]
[73, 77]
[0, 23]
[23, 64]
[64, 77]
[0, 75]
[75, 78]
[0, 34]
[34, 38]
[38, 44]
[44, 63]
[63, 66]
[66, 70]
[70, 76]
[76, 79]
[0, 18]
[18, 71]
[71, 77]
[0, 52]
[52, 63]
[63, 74]
[74, 76]
[76, 77]
[0, 20]
[20, 57]
[57, 78]
[0, 38]
[38, 52]
[52, 54]
[54, 73]
[73, 76]
[0, 60]
[60, 72]
[72, 75]
[75, 79]
[0, 4]
[4, 21]
[21, 27]
[27, 51]
[51, 52]
[52, 59]
[59, 70]
[70, 74]
[74, 77]
[0, 40]
[40, 52]
[52, 62]
[62, 75]
[0, 55]
[55, 67]
[67, 74]
[74, 79]
[0, 68]
[68, 78]
[0, 56]
[56, 76]
[0, 32]
[32, 38]
[38, 75]
[0, 5]
[5, 74]
[74, 78]
[0, 64]
[64, 73]
[73, 79]
[0, 15]
[15, 52]
[52, 69]
[69, 76]
[0, 7]
[7, 76]
[0, 51]
[51, 54]
[54, 74]
[74, 75]
[75, 76]
[0, 48]
[48, 72]
[72, 73]
[73, 74]
[0, 76]
[0, 26]
[26, 47]
[47, 53]
[53, 63]
[63, 67]
[67, 69]
[69, 77]
[0, 53]
[53, 77]
[0, 3]
[3, 68]
[68, 77]
[0, 66]
[66, 68]
[68, 79]
[0, 45]
[45, 53]
[53, 73]
[73, 78]
[0, 69]
[69, 72]
[72, 74]
[0, 9]
[9, 19]
[19, 37]
[37, 70]
[70, 77]
[0, 77]
[0, 50]
[50, 53]
[53, 79]
[0, 67]
[67, 75]
[0, 12]