Topology = path
Number of nodes = 90
Optimal number of ADMs = 87
70 Lightpaths:
[0, 77]
[77, 79]
[79, 84]
[84, 85]
[85, 88]
[88, 89]
[0, 73]
[73, 85]
[85, 89]
[0, 24]
[24, 52]
[52, 74]
[74, 81]
[81, 84]
[84, 87]
[87, 89]
[0, 49]
[49, 55]
[55, 57]
[57, 65]
[65, 82]
[82, 88]
[0, 53]
[53, 62]
[62, 63]
[63, 75]
[75, 79]
[79, 81]
[81, 85]
[85, 87]
[87, 88]
[0, 35]
[35, 85]
[0, 65]
[65, 78]
[78, 79]
[79, 89]
[0, 34]
[34, 58]
[58, 85]
[0, 44]
[44, 55]
[55, 63]
[63, 80]
[80, 86]
[86, 87]
[0, 55]
[55, 87]
[0, 11]
[11, 17]
[17, 24]
[24, 36]
[36, 64]
[64, 85]
[0, 79]
[79, 87]
[0, 88]
[0, 86]
[86, 88]
[0, 62]
[62, 77]
[77, 86]
[86, 89]
[0, 45]
[45, 50]
[50, 57]
[57, 80]
[80, 81]
[81, 86]
[0, 78]