Topology = path
Number of nodes = 80
Optimal number of ADMs = 120
95 Lightpaths:
[0, 30]
[30, 45]
[45, 53]
[53, 77]
[77, 78]
[78, 79]
[0, 6]
[6, 39]
[39, 76]
[76, 78]
[0, 50]
[50, 74]
[74, 78]
[0, 64]
[64, 70]
[70, 78]
[0, 65]
[65, 69]
[69, 74]
[74, 75]
[75, 76]
[76, 79]
[0, 46]
[46, 79]
[0, 73]
[73, 77]
[77, 79]
[0, 63]
[63, 66]
[66, 79]
[0, 48]
[48, 75]
[75, 79]
[0, 17]
[17, 60]
[60, 75]
[75, 78]
[0, 55]
[55, 72]
[72, 73]
[73, 76]
[76, 77]
[0, 26]
[26, 38]
[38, 65]
[65, 73]
[73, 75]
[75, 77]
[0, 41]
[41, 72]
[72, 74]
[74, 77]
[0, 13]
[13, 23]
[23, 50]
[50, 53]
[53, 56]
[56, 66]
[66, 72]
[72, 75]
[0, 20]
[20, 73]
[73, 79]
[0, 39]
[39, 60]
[60, 65]
[65, 76]
[0, 10]
[10, 15]
[15, 69]
[69, 70]
[70, 73]
[73, 74]
[0, 78]
[0, 29]
[29, 66]
[66, 70]
[70, 72]
[72, 78]
[0, 54]
[54, 67]
[67, 72]
[72, 76]
[0, 12]
[12, 55]
[55, 68]
[68, 76]
[0, 75]
[0, 61]
[61, 66]
[66, 69]
[69, 76]
[0, 67]
[67, 77]
[0, 66]