Topology = path
Number of nodes = 40
Optimal number of ADMs = 77
60 Lightpaths:
[0, 22]
[22, 32]
[32, 35]
[35, 37]
[37, 38]
[38, 39]
[0, 13]
[13, 19]
[19, 29]
[29, 34]
[34, 36]
[36, 37]
[0, 29]
[29, 35]
[35, 36]
[36, 38]
[0, 17]
[17, 34]
[34, 37]
[37, 39]
[0, 38]
[0, 6]
[6, 30]
[30, 35]
[35, 39]
[0, 20]
[20, 27]
[27, 38]
[0, 10]
[10, 24]
[24, 39]
[0, 28]
[28, 33]
[33, 36]
[36, 39]
[0, 31]
[31, 33]
[33, 37]
[0, 32]
[32, 36]
[0, 2]
[2, 11]
[11, 23]
[23, 27]
[27, 37]
[0, 35]
[0, 4]
[4, 23]
[23, 30]
[30, 32]
[32, 38]
[0, 24]
[24, 34]
[34, 38]
[0, 1]
[1, 15]
[15, 38]
[0, 7]
[7, 9]
[9, 31]