Topology = path
Number of nodes = 90
Optimal number of ADMs = 139
110 Lightpaths:
[0, 48]
[48, 83]
[83, 84]
[84, 86]
[86, 87]
[87, 88]
[88, 89]
[0, 27]
[27, 32]
[32, 45]
[45, 87]
[87, 89]
[0, 52]
[52, 53]
[53, 57]
[57, 73]
[73, 85]
[85, 86]
[86, 89]
[0, 13]
[13, 62]
[62, 84]
[84, 87]
[0, 12]
[12, 84]
[84, 85]
[85, 87]
[0, 81]
[81, 84]
[84, 89]
[0, 44]
[44, 73]
[73, 82]
[82, 89]
[0, 36]
[36, 69]
[69, 82]
[82, 87]
[0, 49]
[49, 68]
[68, 74]
[74, 87]
[0, 58]
[58, 68]
[68, 88]
[0, 74]
[74, 77]
[77, 87]
[0, 42]
[42, 44]
[44, 49]
[49, 86]
[0, 59]
[59, 68]
[68, 82]
[0, 87]
[0, 79]
[79, 82]
[82, 83]
[83, 86]
[86, 88]
[0, 69]
[69, 88]
[0, 40]
[40, 55]
[55, 77]
[77, 78]
[78, 85]
[85, 89]
[0, 3]
[3, 44]
[44, 46]
[46, 72]
[72, 88]
[0, 6]
[6, 75]
[75, 86]
[0, 76]
[76, 85]
[0, 5]
[5, 45]
[45, 68]
[68, 83]
[83, 85]
[0, 10]
[10, 38]
[38, 44]
[44, 60]
[60, 87]
[0, 73]
[73, 86]
[0, 34]
[34, 75]
[75, 84]
[0, 51]
[51, 80]
[80, 88]
[0, 78]
[78, 79]
[79, 83]
[0, 15]
[15, 84]
[0, 2]
[2, 35]
[35, 51]
[51, 66]
[66, 81]
[81, 88]
[0, 82]
[82, 86]