Topology = path
Number of nodes = 90
Optimal number of ADMs = 69
55 Lightpaths:
[0, 8]
[8, 27]
[27, 37]
[37, 85]
[85, 87]
[87, 88]
[88, 89]
[0, 89]
[0, 59]
[59, 64]
[64, 89]
[0, 25]
[25, 79]
[79, 81]
[81, 83]
[83, 86]
[86, 88]
[0, 3]
[3, 56]
[56, 62]
[62, 69]
[69, 81]
[81, 84]
[84, 87]
[87, 89]
[0, 85]
[85, 89]
[0, 63]
[63, 87]
[0, 14]
[14, 89]
[0, 18]
[18, 50]
[50, 59]
[59, 62]
[62, 89]
[0, 11]
[11, 82]
[82, 84]
[84, 88]
[0, 20]
[20, 66]
[66, 80]
[80, 87]
[0, 81]
[81, 88]
[0, 78]
[78, 85]
[85, 86]
[86, 89]
[0, 10]
[10, 49]
[49, 67]
[67, 68]
[68, 79]