Topology = path
Number of nodes = 70
Optimal number of ADMs = 81
65 Lightpaths:
[0, 37]
[37, 68]
[68, 69]
[0, 32]
[32, 57]
[57, 62]
[62, 68]
[0, 27]
[27, 31]
[31, 49]
[49, 53]
[53, 57]
[57, 65]
[65, 69]
[0, 19]
[19, 35]
[35, 36]
[36, 48]
[48, 65]
[65, 66]
[66, 67]
[67, 69]
[0, 61]
[61, 65]
[65, 68]
[0, 55]
[55, 67]
[0, 42]
[42, 53]
[53, 60]
[60, 65]
[65, 67]
[0, 18]
[18, 41]
[41, 62]
[62, 64]
[64, 68]
[0, 36]
[36, 57]
[57, 60]
[60, 68]
[0, 63]
[63, 68]
[0, 23]
[23, 42]
[42, 69]
[0, 11]
[11, 34]
[34, 51]
[51, 54]
[54, 67]
[67, 68]
[0, 44]
[44, 59]
[59, 64]
[64, 67]
[0, 48]
[48, 66]
[66, 69]
[0, 8]
[8, 23]
[23, 27]
[27, 68]
[0, 12]
[12, 65]