Topology = path
Number of nodes = 100
Optimal number of ADMs = 185
150 Lightpaths:
[0, 58]
[58, 91]
[91, 94]
[94, 95]
[95, 98]
[98, 99]
[0, 75]
[75, 79]
[79, 88]
[88, 95]
[95, 96]
[96, 97]
[97, 98]
[0, 59]
[59, 81]
[81, 88]
[88, 96]
[96, 98]
[0, 41]
[41, 79]
[79, 82]
[82, 89]
[89, 95]
[95, 99]
[0, 91]
[91, 98]
[0, 13]
[13, 33]
[33, 34]
[34, 49]
[49, 61]
[61, 96]
[0, 34]
[34, 83]
[83, 89]
[89, 98]
[0, 27]
[27, 29]
[29, 52]
[52, 78]
[78, 89]
[89, 93]
[93, 98]
[0, 76]
[76, 92]
[92, 93]
[93, 97]
[97, 99]
[0, 62]
[62, 70]
[70, 75]
[75, 93]
[93, 96]
[96, 99]
[0, 87]
[87, 96]
[0, 67]
[67, 68]
[68, 83]
[83, 91]
[91, 96]
[0, 3]
[3, 4]
[4, 12]
[12, 50]
[50, 74]
[74, 91]
[91, 97]
[0, 90]
[90, 92]
[92, 96]
[0, 95]
[0, 99]
[0, 94]
[94, 98]
[0, 73]
[73, 84]
[84, 95]
[0, 35]
[35, 58]
[58, 92]
[92, 99]
[0, 78]
[78, 80]
[80, 87]
[87, 95]
[95, 97]
[0, 22]
[22, 81]
[81, 89]
[89, 97]
[0, 2]
[2, 28]
[28, 59]
[59, 70]
[70, 86]
[86, 94]
[94, 99]
[0, 89]
[89, 92]
[92, 97]
[0, 30]
[30, 48]
[48, 88]
[88, 99]
[0, 39]
[39, 71]
[71, 75]
[75, 91]
[91, 93]
[93, 95]
[0, 79]
[79, 81]
[81, 96]
[0, 17]
[17, 48]
[48, 62]
[62, 77]
[77, 84]
[84, 97]
[0, 96]
[0, 32]
[32, 70]
[70, 99]
[0, 1]
[1, 75]
[75, 92]
[92, 98]
[0, 74]
[74, 96]
[0, 36]
[36, 52]
[52, 76]
[76, 78]
[78, 90]
[90, 91]
[91, 95]
[0, 28]
[28, 86]
[86, 88]
[88, 97]
[0, 54]
[54, 73]
[73, 91]
[0, 14]
[14, 25]
[25, 49]
[49, 70]
[70, 71]
[71, 86]