Topology = path
Number of nodes = 70
Optimal number of ADMs = 135
105 Lightpaths:
[0, 44]
[44, 53]
[53, 65]
[65, 68]
[68, 69]
[0, 51]
[51, 64]
[64, 67]
[67, 69]
[0, 56]
[56, 64]
[64, 68]
[0, 65]
[65, 67]
[67, 68]
[0, 7]
[7, 18]
[18, 21]
[21, 53]
[53, 63]
[63, 66]
[66, 68]
[0, 66]
[66, 67]
[0, 23]
[23, 52]
[52, 58]
[58, 63]
[63, 67]
[0, 58]
[58, 69]
[0, 68]
[0, 52]
[52, 68]
[0, 50]
[50, 61]
[61, 63]
[63, 64]
[64, 65]
[65, 66]
[66, 69]
[0, 24]
[24, 41]
[41, 44]
[44, 60]
[60, 64]
[64, 69]
[0, 42]
[42, 57]
[57, 66]
[0, 5]
[5, 53]
[53, 62]
[62, 68]
[0, 25]
[25, 65]
[65, 69]
[0, 48]
[48, 58]
[58, 59]
[59, 67]
[0, 2]
[2, 23]
[23, 49]
[49, 55]
[55, 60]
[60, 67]
[0, 46]
[46, 63]
[63, 65]
[0, 35]
[35, 57]
[57, 64]
[64, 66]
[0, 12]
[12, 64]
[0, 31]
[31, 56]
[56, 61]
[61, 68]
[0, 53]
[53, 69]
[0, 57]
[57, 58]
[58, 66]
[0, 20]
[20, 45]
[45, 66]
[0, 43]
[43, 53]
[53, 54]
[54, 60]
[60, 65]
[0, 61]
[61, 64]
[0, 36]
[36, 58]
[0, 27]
[27, 29]
[29, 33]
[33, 62]
[62, 66]
[0, 62]
[62, 65]
[0, 16]