Topology = path
Number of nodes = 60
Optimal number of ADMs = 109
85 Lightpaths:
[0, 52]
[52, 53]
[53, 54]
[54, 57]
[57, 58]
[58, 59]
[0, 18]
[18, 33]
[33, 40]
[40, 55]
[55, 56]
[56, 59]
[0, 6]
[6, 22]
[22, 26]
[26, 58]
[0, 50]
[50, 59]
[0, 27]
[27, 44]
[44, 57]
[57, 59]
[0, 22]
[22, 34]
[34, 41]
[41, 58]
[0, 23]
[23, 28]
[28, 48]
[48, 58]
[0, 31]
[31, 49]
[49, 55]
[55, 57]
[0, 44]
[44, 45]
[45, 54]
[54, 59]
[0, 37]
[37, 55]
[55, 59]
[0, 30]
[30, 45]
[45, 57]
[0, 39]
[39, 52]
[52, 59]
[0, 42]
[42, 51]
[51, 52]
[0, 36]
[36, 59]
[0, 16]
[16, 43]
[43, 46]
[46, 57]
[0, 7]
[7, 23]
[23, 40]
[40, 59]
[0, 57]
[0, 29]
[29, 50]
[50, 51]
[51, 56]
[56, 58]
[0, 13]
[13, 19]
[19, 38]
[38, 58]
[0, 43]
[43, 59]
[0, 28]
[28, 52]
[52, 54]
[54, 58]
[0, 8]
[8, 11]
[11, 58]
[0, 48]
[48, 55]
[55, 58]
[0, 4]
[4, 40]
[40, 58]