Topology = path
Number of nodes = 70
Optimal number of ADMs = 124
100 Lightpaths:
[0, 64]
[64, 69]
[0, 41]
[41, 62]
[62, 68]
[68, 69]
[0, 44]
[44, 63]
[63, 68]
[0, 46]
[46, 51]
[51, 66]
[66, 68]
[0, 37]
[37, 42]
[42, 46]
[46, 64]
[64, 65]
[65, 67]
[67, 68]
[0, 6]
[6, 7]
[7, 13]
[13, 17]
[17, 65]
[65, 69]
[0, 51]
[51, 68]
[0, 53]
[53, 54]
[54, 57]
[57, 68]
[0, 12]
[12, 46]
[46, 55]
[55, 68]
[0, 39]
[39, 60]
[60, 66]
[66, 69]
[0, 30]
[30, 51]
[51, 54]
[54, 63]
[63, 67]
[67, 69]
[0, 67]
[0, 28]
[28, 37]
[37, 44]
[44, 48]
[48, 59]
[59, 64]
[64, 68]
[0, 1]
[1, 18]
[18, 66]
[66, 67]
[0, 26]
[26, 63]
[63, 69]
[0, 36]
[36, 41]
[41, 43]
[43, 46]
[46, 59]
[59, 65]
[0, 3]
[3, 36]
[36, 51]
[51, 56]
[56, 66]
[0, 23]
[23, 35]
[35, 41]
[41, 49]
[49, 51]
[51, 62]
[62, 65]
[65, 66]
[0, 34]
[34, 65]
[0, 5]
[5, 27]
[27, 29]
[29, 61]
[61, 68]
[0, 25]
[25, 54]
[54, 60]
[60, 69]
[0, 63]
[63, 64]
[64, 67]
[0, 7]
[7, 47]
[47, 66]
[0, 2]
[2, 38]
[38, 64]