Topology = path
Number of nodes = 100
Optimal number of ADMs = 81
65 Lightpaths:
[0, 79]
[79, 91]
[91, 98]
[98, 99]
[0, 61]
[61, 67]
[67, 88]
[88, 91]
[91, 99]
[0, 51]
[51, 78]
[78, 87]
[87, 92]
[92, 96]
[96, 98]
[0, 76]
[76, 83]
[83, 90]
[90, 95]
[95, 97]
[97, 99]
[0, 78]
[78, 98]
[0, 96]
[96, 97]
[0, 72]
[72, 99]
[0, 35]
[35, 43]
[43, 91]
[91, 93]
[93, 97]
[0, 3]
[3, 65]
[65, 78]
[78, 83]
[83, 99]
[0, 25]
[25, 90]
[90, 98]
[0, 57]
[57, 81]
[81, 96]
[0, 42]
[42, 65]
[65, 84]
[84, 90]
[90, 93]
[93, 96]
[96, 99]
[0, 22]
[22, 93]
[93, 98]
[0, 17]
[17, 49]
[49, 57]
[57, 66]
[66, 91]
[0, 4]
[4, 28]
[28, 39]
[39, 83]
[83, 94]
[94, 99]
[0, 34]