Topology = path
Number of nodes = 100
Optimal number of ADMs = 92
75 Lightpaths:
[0, 3]
[3, 95]
[95, 97]
[97, 99]
[0, 83]
[83, 99]
[0, 7]
[7, 93]
[93, 98]
[98, 99]
[0, 57]
[57, 76]
[76, 87]
[87, 99]
[0, 42]
[42, 74]
[74, 76]
[76, 97]
[0, 11]
[11, 28]
[28, 42]
[42, 48]
[48, 57]
[57, 89]
[89, 95]
[95, 96]
[96, 97]
[97, 98]
[0, 74]
[74, 80]
[80, 92]
[92, 95]
[95, 99]
[0, 97]
[0, 14]
[14, 68]
[68, 83]
[83, 96]
[96, 98]
[0, 85]
[85, 87]
[87, 95]
[0, 50]
[50, 65]
[65, 68]
[68, 79]
[79, 89]
[89, 94]
[94, 98]
[0, 30]
[30, 46]
[46, 75]
[75, 84]
[84, 91]
[91, 95]
[0, 12]
[12, 80]
[80, 83]
[83, 90]
[90, 96]
[96, 99]
[0, 45]
[45, 84]
[84, 95]
[0, 25]
[25, 37]
[37, 90]
[90, 97]
[0, 79]
[79, 83]
[83, 97]
[0, 44]
[44, 84]
[84, 90]
[90, 92]