Topology = path
Number of nodes = 70
Optimal number of ADMs = 124
95 Lightpaths:
[0, 42]
[42, 59]
[59, 67]
[67, 68]
[68, 69]
[0, 69]
[0, 57]
[57, 67]
[67, 69]
[0, 9]
[9, 56]
[56, 61]
[61, 68]
[0, 21]
[21, 54]
[54, 67]
[0, 30]
[30, 35]
[35, 61]
[61, 69]
[0, 44]
[44, 58]
[58, 62]
[62, 64]
[64, 67]
[0, 31]
[31, 34]
[34, 68]
[0, 34]
[34, 51]
[51, 63]
[63, 64]
[64, 69]
[0, 49]
[49, 69]
[0, 59]
[59, 66]
[66, 68]
[0, 12]
[12, 31]
[31, 44]
[44, 54]
[54, 59]
[59, 69]
[0, 26]
[26, 56]
[56, 58]
[58, 67]
[0, 41]
[41, 60]
[60, 61]
[61, 63]
[63, 67]
[0, 16]
[16, 20]
[20, 68]
[0, 67]
[0, 63]
[63, 69]
[0, 62]
[62, 69]
[0, 35]
[35, 65]
[65, 68]
[0, 58]
[58, 69]
[0, 15]
[15, 53]
[53, 66]
[66, 69]
[0, 48]
[48, 50]
[50, 53]
[53, 55]
[55, 68]
[0, 38]
[38, 69]
[0, 47]
[47, 51]
[51, 55]
[55, 65]
[65, 67]
[0, 66]
[0, 54]
[54, 68]
[0, 65]
[65, 69]
[0, 6]
[6, 46]
[46, 57]
[57, 59]
[59, 68]
[0, 27]
[27, 28]
[28, 55]